<?xml version="1.0"?>
<opencv_storage>

<recognizer_impl_name>method6.3</recognizer_impl_name>


<parts_count>1</parts_count>

<part0>share/facerec/recognizers/method6/encoder6v3.bin</part0>

<roc>
0.000326000008
0.000000000000
0.000000000000
0.000134110451

0.052858605981
0.000000000000
0.000820357120
0.000134110451

0.105391211808
0.000000000000
0.004900165834
0.000134110451

0.157923802733
0.000000000000
0.015674613416
0.000134110451

0.210456416011
0.000000000000
0.036867607385
0.000134110451

0.262989044189
0.000000000511
0.083084501326
0.001514196396

0.315521627665
0.000000006265
0.139233842492
0.017752945423

0.368054240942
0.000000132536
0.216471135616
0.045849561691

0.420586854219
0.000000665544
0.315676510334
0.125942885876

0.473119467497
0.000002651740
0.410219222307
0.264488101006

0.525652050972
0.000009285031
0.503539502621
0.426502168179

0.578184664249
0.000026478563
0.595916211605
0.569063484669

0.630717217922
0.000071691284
0.682653188705
0.707113742828

0.683249831200
0.000172169064
0.754487454891
0.827606320381

0.735782444477
0.000380499638
0.811211168766
0.910767972469

0.788315057755
0.000780784991
0.855847716331
0.957110464573

0.840847671032
0.001484877546
0.890375137329
0.977959036827

0.893380284309
0.002697768155
0.920759022236
0.989392757416

0.945912897587
0.004664474633
0.940700650215
0.994848310947

0.998445510864
0.007689920720
0.959143400192
0.997522234917

1.050978183746
0.012144350447
0.970724046230
0.998900473118

1.103510737419
0.018429096788
0.977153003216
0.999417960644

1.156043410301
0.027052246034
0.982361555099
0.999681472778

1.208575963974
0.038515817374
0.986491978168
0.999816477299

1.261108517647
0.053241882473
0.990097701550
0.999889373779

1.313641190529
0.071650110185
0.992388784885
0.999944865704

1.366173744202
0.094103023410
0.994261026382
0.999963402748

1.418706417084
0.120731011033
0.994918704033
0.999977111816

1.471238970757
0.151695325971
0.996203005314
0.999984562397

1.523771643639
0.186914131045
0.996821999550
0.999988615513

1.576304197311
0.226198345423
0.997683882713
0.999990046024

1.628836870193
0.269211351871
0.998058021069
0.999994099140

1.681369423866
0.315618485212
0.998722970486
0.999992549419

1.733901977539
0.364872127771
0.999005973339
0.999992430210

1.786434650421
0.416427642107
0.999623000622
0.999997019768

1.838967204094
0.469632238150
0.999677002430
0.999998152256

1.891499876976
0.523719429970
0.999728024006
0.999998152256

1.944032430649
0.577933311462
0.999814987183
0.999999403954

1.996565103531
0.631524860859
0.999814987183
0.999999403954

2.049097537994
0.683677554131
0.999814987183
0.999999403954

2.101630210876
0.733478546143
0.999916970730
0.999999642372

2.154162645340
0.780182480812
0.999922990799
0.999999642372

2.206695318222
0.822821021080
0.999935984612
0.999999642372

2.259227991104
0.860822856426
0.999943017960
0.999999582767

2.311760663986
0.893759369850
0.999954998493
0.999999761581

2.364293098450
0.921394765377
0.999965012074
0.999999701977

2.416825771332
0.943793833256
0.999979019165
0.999999582767

2.469358444214
0.961284875870
0.999993026257
0.999999642372

2.521890878677
0.974386572838
0.999993026257
0.999999642372

2.574423551559
0.983805537224
1.000000000000
0.999999940395

2.626956224442
0.990215480328
1.000000000000
0.999999940395

2.679488897324
0.994381010532
1.000000000000
0.999999940395

2.732021331787
0.996974170208
1.000000000000
0.999999940395

2.784554004669
0.998473465443
1.000000000000
0.999999940395

2.837086677551
0.999269843102
1.000000000000
0.999999940395

2.889619350433
0.999673783779
1.000000000000
0.999999940395

2.942151784897
0.999866008759
1.000000000000
0.999999940395

2.994684457779
0.999948024750
1.000000000000
0.999999940395

3.047217130661
0.999983012676
1.000000000000
0.999999940395

3.099749565125
0.999994993210
1.000000000000
0.999999940395

3.152282238007
0.999998986721
1.000000000000
0.999999940395

3.204814910889
1.000000000000
1.000000000000
0.999999940395

3.257347583771
1.000000000000
1.000000000000
0.999999940395

3.309880018234
1.000000000000
1.000000000000
0.999999940395

</roc>

</opencv_storage>
