<?xml version="1.0"?>
<opencv_storage>

<recognizer_impl_name>method7v3</recognizer_impl_name>



<part0>share/facerec/recognizers/method7v3/method7v3_u.bin</part0>
<part1>share/facerec/recognizers/method7v3/method7v3_uc1.bin</part1>
<part2>share/facerec/recognizers/method7v3/method7v3_uc2.bin</part2>
<part3>share/facerec/recognizers/method7v3/method7v3_uc3.bin</part3>
<part4>share/facerec/recognizers/method7v3/method7v3_uc4.bin</part4>
<part5>share/facerec/recognizers/method7v3/method7v3_ll1024_t.4017.0.i17400.bin</part5>
<part6>share/facerec/recognizers/method7v3/method7v3_ll32_t.4016.0.i3050.bin</part6>

<roc>
0.000257300009
0.000000000000
0.000000000000
0.000000000000

0.040882103145
0.000000000000
0.000007667450
0.000000000000

0.081506907940
0.000000000000
0.000018218700
0.000000000000

0.122131712735
0.000000000000
0.000222183997
0.000000000000

0.162756517529
0.000000000000
0.000820730987
0.000000000000

0.203381314874
0.000000000000
0.002277679974
0.000000000000

0.244006127119
0.000000000000
0.003573581576
0.000000000000

0.284630954266
0.000000000000
0.006641179789
0.000000000000

0.325255751610
0.000000000000
0.011875420809
0.000000000000

0.365880548954
0.000000000000
0.018896892667
0.000000000000

0.406505346298
0.000000000000
0.027395773679
0.000000000000

0.447130173445
0.000000000000
0.041761767119
0.000000000000

0.487754970789
0.000000000000
0.059548135847
0.000000000000

0.528379797935
0.000000000000
0.085287652910
0.000010848045

0.569004595280
0.000000000000
0.109549634159
0.000010848045

0.609629392624
0.000000000000
0.149244979024
0.000010848045

0.650254189968
0.000000000000
0.185524374247
0.000010848045

0.690878987312
0.000000000000
0.226449027658
0.000010848045

0.731503784657
0.000000000000
0.275932937860
0.000010848045

0.772128582001
0.000000000000
0.326366961002
0.000010848045

0.812753379345
0.000000000000
0.385555684566
0.000012755394

0.853378236294
0.000000000000
0.447442829609
0.000015974045

0.894003033638
0.000000000000
0.506241440773
0.000020921230

0.934627830982
0.000000000315
0.558594226837
0.000073373318

0.975252628326
0.000000000315
0.615113317966
0.000073373318

1.015877366066
0.000000000315
0.669732213020
0.000073373318

1.056502223015
0.000000000782
0.712102413177
0.000367760658

1.097126960754
0.000000016776
0.761868417263
0.068183958530

1.137751817703
0.000000262569
0.799986422062
0.084961473942

1.178376555443
0.000000611466
0.837516665459
0.235141754150

1.219001412392
0.000001561124
0.870028495789
0.291123449802

1.259626150131
0.000003348091
0.891204595566
0.436474204063

1.300251007080
0.000007318125
0.911522448063
0.565685987473

1.340875864029
0.000015227562
0.928300917149
0.673421740532

1.381500601768
0.000033008797
0.945630192757
0.795765638351

1.422125458717
0.000066283748
0.957792460918
0.889158904552

1.462750196457
0.000130686414
0.967911005020
0.944594740868

1.503375053406
0.000252563012
0.974342882633
0.975472271442

1.543999791145
0.000483570650
0.979736983776
0.990592360497

1.584624648094
0.000925950881
0.984061002731
0.995610356331

1.625249385834
0.001745218528
0.987375915051
0.998368084431

1.665874242783
0.003316018498
0.989374399185
0.999340057373

1.706499099731
0.006383929867
0.991925001144
0.999620914459

1.747123837471
0.012474374846
0.994219005108
0.999818086624

1.787748694420
0.024888308719
0.995863020420
0.999953985214

1.828373432159
0.049948211759
0.996367096901
0.999983727932

1.868998289108
0.098294697702
0.997507870197
0.999992728233

1.909623026848
0.182902812958
0.997613012791
0.999998807907

1.950247883797
0.311078876257
0.998174011707
0.999998569489

1.990872740746
0.474474698305
0.998352527618
0.999996244907

2.031497478485
0.646235406399
0.999575972557
0.999998509884

2.072122335434
0.793457031250
0.999655008316
0.999998629093

2.112747192383
0.896299540997
0.999800980091
0.999998867512

2.153371810913
0.955074369907
0.999899983406
0.999998688698

2.193996667862
0.983084499836
0.999899983406
0.999998688698

2.234621524811
0.994349539280
1.000000000000
0.999994397163

2.275246381760
0.998325169086
1.000000000000
0.999994397163

2.315871238708
0.999542653561
1.000000000000
0.999994397163

2.356495857239
0.999885559082
1.000000000000
0.999994397163

2.397120714188
0.999974012375
1.000000000000
0.999994397163

2.437745571136
0.999994993210
1.000000000000
0.999994397163

2.478370428085
0.999998986721
1.000000000000
0.999994397163

2.518995046616
1.000000000000
1.000000000000
0.999994397163

2.559619903564
1.000000000000
1.000000000000
0.999994397163

</roc>

</opencv_storage>
