<?xml version="1.0"?>
<opencv_storage>

<recognizer_impl_name>method6v7</recognizer_impl_name>



<part0>share/fda/fda0017.3500.enc</part0>
<part1>share/facerec/recognizers/method6v7/method6v7_1.bin</part1>
<part2>share/facerec/recognizers/method6v7/method6v7_2.bin</part2>
<part3>share/facerec/recognizers/method6v7/method6v7_3.bin</part3>

<roc>
0.100000001490
0.000000000000
0.000000000000
0.000000000000

277.973022460938
0.000000000000
0.000007663190
0.000000000000

555.846008300781
0.000000000000
0.000017767999
0.000000000000

833.718994140625
0.000000000000
0.000222179006
0.000000000000

1111.592041015625
0.000000000000
0.001032670029
0.000000000000

1389.465087890625
0.000000000000
0.002217449946
0.000000000000

1667.338012695312
0.000000000000
0.005726180039
0.000000000000

1945.211059570312
0.000000000000
0.010224300437
0.000000000000

2223.084228515625
0.000000000000
0.024310890585
0.000000000000

2500.957275390625
0.000000000000
0.043365798891
0.000000000000

2778.830322265625
0.000000000000
0.065895199776
0.000000000000

3056.703369140625
0.000000000000
0.101379998028
0.000000000000

3334.576171875000
0.000000000000
0.143138006330
0.000000000000

3612.449218750000
0.000000000000
0.200468003750
0.000000000000

3890.322265625000
0.000000000000
0.270489990711
0.000000000000

4168.195312500000
0.000000000000
0.348715990782
0.000000000000

4446.068359375000
0.000000000000
0.426490604877
0.000000000000

4723.941406250000
0.000000000000
0.513405978680
0.000000000000

5001.814453125000
0.000000000000
0.587491989136
0.000000000000

5279.687500000000
0.000000000000
0.664584994316
0.003516554832

5557.560546875000
0.000000000000
0.731180012226
0.005067527294

5835.433593750000
0.000000000000
0.789737999439
0.008309006691

6113.306640625000
0.000000061374
0.838607013226
0.030538320541

6391.179687500000
0.000000062420
0.879072010517
0.030538320541

6669.052246093750
0.000000140492
0.908805131912
0.088892638683

6946.925292968750
0.000000399193
0.930903017521
0.202262878418

7224.798339843750
0.000001114230
0.947939991951
0.321896791458

7502.671386718750
0.000002549560
0.962782979012
0.505343914032

7780.544433593750
0.000007791270
0.972699999809
0.713986873627

8058.417480468750
0.000022185000
0.982275009155
0.864611744881

8336.290039062500
0.000057353998
0.987564027309
0.951979100704

8614.163085937500
0.000141703000
0.990526974201
0.989593565464

8892.036132812500
0.000333782344
0.993236005306
0.994365572929

9169.909179687500
0.000754188979
0.994095027447
0.998668253422

9447.782226562500
0.001660009963
0.995941996574
0.999310314655

9725.655273437500
0.003536569886
0.996470987797
0.999770283699

10003.528320312500
0.007288639899
0.997400999069
0.999910712242

10281.401367187500
0.014402600005
0.997597992420
0.999957025051

10559.274414062500
0.027375100181
0.998481988907
0.999970734119

10837.147460937500
0.049584601074
0.998794972897
0.999993622303

11115.020507812500
0.084934502840
0.999602019787
0.999992609024

11392.893554687500
0.137839004397
0.999800980091
0.999987900257

11670.766601562500
0.211062997580
1.000000000000
0.999999284744

11948.639648437500
0.304388999939
1.000000000000
0.999999582767

12226.512695312500
0.414301991463
1.000000000000
1.000000000000

12504.385742187500
0.532664000988
1.000000000000
1.000000000000

12782.258789062500
0.649169027805
1.000000000000
1.000000000000

13060.131835937500
0.753737986088
1.000000000000
1.000000000000

13338.003906250000
0.839096486568
1.000000000000
1.000000000000

13615.876953125000
0.902831017971
1.000000000000
1.000000000000

13893.750000000000
0.945990025997
1.000000000000
1.000000000000

14171.623046875000
0.972441971302
1.000000000000
1.000000000000

14449.496093750000
0.987139999866
1.000000000000
1.000000000000

14727.369140625000
0.994530975819
1.000000000000
1.000000000000

15005.242187500000
0.997879028320
1.000000000000
1.000000000000

15283.115234375000
0.999249994755
1.000000000000
1.000000000000

15560.988281250000
0.999759972095
1.000000000000
1.000000000000

15838.861328125000
0.999930977821
1.000000000000
1.000000000000

16116.734375000000
0.999984025955
1.000000000000
1.000000000000

16394.607421875000
0.999996006489
1.000000000000
1.000000000000

16672.480468750000
0.999998986721
1.000000000000
1.000000000000

16950.353515625000
1.000000000000
1.000000000000
1.000000000000

17228.226562500000
1.000000000000
1.000000000000
1.000000000000

17506.099609375000
1.000000000000
1.000000000000
1.000000000000

</roc>

</opencv_storage>
