<?xml version="1.0"?>
<opencv_storage>

<recognizer_impl_name>method6v6</recognizer_impl_name>

<part0>share/facerec/recognizers/method6v6/method6v6_u.bin</part0>
<part1>share/facerec/recognizers/method6v6/method6v6_1024.bin</part1>
<part2>share/facerec/recognizers/method6v6/method6v6_32.bin</part2>

<roc>
1.492900013924
0.000000000000
0.000000000000
0.000000000000

236.659683227539
0.000000000000
0.000000000000
0.000000000000

471.826446533203
0.000000000000
0.000007667450
0.000000000000

706.993286132812
0.000000000000
0.000013364400
0.000000000000

942.160034179688
0.000000000000
0.000217912006
0.000000000000

1177.326782226562
0.000000000000
0.000218173998
0.000000000000

1412.493652343750
0.000000000000
0.000336118013
0.000000000000

1647.660400390625
0.000000000000
0.001748770010
0.000000000000

1882.827148437500
0.000000000000
0.003641640069
0.000000000000

2117.993896484375
0.000000000000
0.006640255451
0.000000000000

2353.160644531250
0.000000000000
0.010500476696
0.000000000000

2588.327392578125
0.000000000000
0.014898165129
0.000000000000

2823.494384765625
0.000000000000
0.023997841403
0.000000000000

3058.661132812500
0.000000000000
0.037543006241
0.000000000000

3293.827880859375
0.000000000000
0.055562887341
0.000000000000

3528.994628906250
0.000000000000
0.075864322484
0.000000000000

3764.161376953125
0.000000000000
0.102839089930
0.000000000000

3999.328125000000
0.000000000000
0.130457445979
0.000000000000

4234.494628906250
0.000000000000
0.171150669456
0.000000000000

4469.661621093750
0.000000000000
0.210891321301
0.000000000000

4704.828125000000
0.000000000000
0.259720653296
0.000000000000

4939.995117187500
0.000000000000
0.307954043150
0.000000000000

5175.161621093750
0.000000000000
0.371058434248
0.000000000000

5410.328613281250
0.000000000000
0.431628823280
0.000040590763

5645.495605468750
0.000000000000
0.485294163227
0.000047564507

5880.662109375000
0.000000000000
0.539500951767
0.000057578087

6115.829101562500
0.000000000000
0.598409056664
0.000075042248

6350.995605468750
0.000000000000
0.652820646763
0.000104308128

6586.162597656250
0.000000001517
0.700444102287
0.005026698112

6821.329101562500
0.000000001947
0.746100366116
0.005026698112

7056.496093750000
0.000000099904
0.788109183311
0.060583055019

7291.662597656250
0.000000401679
0.828260242939
0.163364529610

7526.829589843750
0.000001117660
0.862851142883
0.290034413338

7761.996582031250
0.000003124369
0.887733876705
0.417759776115

7997.163085937500
0.000007547614
0.912511110306
0.587046146393

8232.330078125000
0.000019412697
0.930856585503
0.724609017372

8467.497070312500
0.000043153370
0.947875916958
0.822898149490

8702.664062500000
0.000095073883
0.961669564247
0.917798995972

8937.831054687500
0.000215005377
0.971357882023
0.967641472816

9172.997070312500
0.000477994239
0.979667425156
0.988505959511

9408.164062500000
0.001061773859
0.984389424324
0.996410250664

9643.331054687500
0.002366548171
0.989080786705
0.998717904091

9878.498046875000
0.005330207758
0.991026997566
0.999706149101

10113.665039062500
0.012087089010
0.993452489376
0.999849557877

10348.831054687500
0.027379998937
0.994601011276
0.999956846237

10583.998046875000
0.059913445264
0.995919227600
0.999985635281

10819.165039062500
0.122531175613
0.997655987740
0.999986231327

11054.332031250000
0.227078974247
0.998911023140
0.999995291233

11289.499023437500
0.375537484884
0.999230980873
0.999998509884

11524.665039062500
0.549221456051
0.999535024166
0.999999403954

11759.832031250000
0.715652883053
0.999606192112
0.999999165535

11994.999023437500
0.845345437527
0.999629974365
0.999999165535

12230.166015625000
0.927947282791
0.999800026417
0.999997377396

12465.332031250000
0.971161544323
1.000000000000
0.999998569489

12700.499023437500
0.989964067936
1.000000000000
0.999998569489

12935.666015625000
0.996902227402
1.000000000000
0.999998569489

13170.833007812500
0.999163150787
1.000000000000
0.999998569489

13406.000000000000
0.999792754650
1.000000000000
0.999998569489

13641.166015625000
0.999954998493
1.000000000000
0.999998569489

13876.333007812500
0.999990999699
1.000000000000
0.999998569489

14111.500000000000
0.999997973442
1.000000000000
0.999998569489

14346.666992187500
1.000000000000
1.000000000000
0.999998569489

14581.833007812500
1.000000000000
1.000000000000
0.999998569489

14817.000000000000
1.000000000000
1.000000000000
0.999998569489

</roc>

</opencv_storage>
