<?xml version="1.0"?>
<opencv_storage>

<recognizer_impl_name>method9v30mask</recognizer_impl_name>


<part0>share/fda/fda0017.3500.enc</part0>
<part1>share/facerec/recognizers/method9v30mask/method9v30mask_1.bin</part1>
<part2>share/facerec/recognizers/method9v30mask/method9v30mask_2.bin</part2>
<part3>share/facerec/recognizers/method9v30mask/method9v30mask_3.bin</part3>

<use_mobile_gpu>1</use_mobile_gpu>
<use_cuda>0</use_cuda>
<gpu_index>0</gpu_index>

<roc>
1.630399942398
0.000000000000
0.000000000000
0.000000298023

175.358489990234
0.000000000000
0.000007667450
0.000000298023

349.086578369141
0.000000000000
0.000017767999
0.000000298023

522.814636230469
0.000000000000
0.000929473026
0.000000298023

696.542724609375
0.000000000000
0.002092679963
0.000000298023

870.270812988281
0.000000000000
0.006911308039
0.000000298023

1043.998901367188
0.000000000000
0.016126429662
0.000000298023

1217.727050781250
0.000000000000
0.027828942984
0.000000298023

1391.455078125000
0.000000000000
0.047050260007
0.000000298023

1565.183105468750
0.000000000000
0.065945520997
0.000000298023

1738.911254882812
0.000000000000
0.104242727160
0.000000298023

1912.639404296875
0.000000000000
0.150317817926
0.000000298023

2086.367431640625
0.000000000000
0.200499147177
0.000000298023

2260.095458984375
0.000000000000
0.275014132261
0.000000298023

2433.823730468750
0.000000000000
0.347356826067
0.000000298023

2607.551757812500
0.000000000000
0.421405941248
0.000000417233

2781.279785156250
0.000000000019
0.493388891220
0.000715553761

2955.007812500000
0.000000000019
0.564477622509
0.000715553761

3128.735839843750
0.000000097094
0.631370604038
0.031808793545

3302.464111328125
0.000000226964
0.698498845100
0.043693780899

3476.192138671875
0.000000686986
0.755010783672
0.181522309780

3649.920166015625
0.000003028870
0.800221145153
0.386154115200

3823.648437500000
0.000009163946
0.842408359051
0.528255701065

3997.376464843750
0.000025526144
0.881874859333
0.712651550770

4171.104492187500
0.000071098919
0.907556891441
0.853087842464

4344.832519531250
0.000179812429
0.930373787880
0.927200913429

4518.560546875000
0.000432759232
0.948833644390
0.971502244473

4692.288574218750
0.000980606535
0.964208006859
0.989705979824

4866.017089843750
0.002108085202
0.973520696163
0.996582865715

5039.745117187500
0.004266757052
0.980061531067
0.998485565186

5213.473144531250
0.008293966763
0.986241698265
0.999376893044

5387.201171875000
0.015330702066
0.990292310715
0.999755978584

5560.929199218750
0.026934914291
0.993414223194
0.999895572662

5734.657226562500
0.045252867043
0.994904339314
0.999948382378

5908.385253906250
0.072416879237
0.996286988258
0.999979496002

6082.113281250000
0.110895276070
0.997225284576
0.999987602234

6255.841308593750
0.162440299988
0.998049020767
0.999994993210

6429.569824218750
0.227495893836
0.998085975647
0.999998390675

6603.297851562500
0.305480897427
0.998184025288
0.999998033047

6777.025878906250
0.393634796143
0.998206973076
0.999997138977

6950.753906250000
0.488242149353
0.999004006386
0.999988675117

7124.481933593750
0.583858251572
0.999602019787
0.999998688698

7298.209960937500
0.675016343594
0.999800980091
0.999999344349

7471.937988281250
0.756737232208
0.999800980091
0.999999344349

7645.666503906250
0.826112210751
0.999800980091
0.999999344349

7819.394531250000
0.881627082825
0.999800980091
0.999999344349

7993.122558593750
0.923554301262
0.999800980091
0.999999344349

8166.850585937500
0.953233301640
1.000000000000
0.999998092651

8340.579101562500
0.972879827023
1.000000000000
0.999998092651

8514.307617187500
0.985166847706
1.000000000000
0.999998092651

8688.035156250000
0.992372095585
1.000000000000
0.999998092651

8861.763671875000
0.996313035488
1.000000000000
0.999998092651

9035.491210937500
0.998345136642
1.000000000000
0.999998092651

9209.219726562500
0.999295115471
1.000000000000
0.999998092651

9382.947265625000
0.999723017216
1.000000000000
0.999998092651

9556.675781250000
0.999899983406
1.000000000000
0.999998092651

9730.404296875000
0.999967992306
1.000000000000
0.999998092651

9904.131835937500
0.999988973141
1.000000000000
0.999998092651

10077.860351562500
0.999997019768
1.000000000000
0.999998092651

10251.587890625000
0.999998986721
1.000000000000
0.999998092651

10425.316406250000
1.000000000000
1.000000000000
0.999998092651

10599.043945312500
1.000000000000
1.000000000000
0.999998092651

10772.772460937500
1.000000000000
1.000000000000
0.999998092651

10946.500000000000
1.000000000000
1.000000000000
0.999998092651

</roc>



</opencv_storage>
