<?xml version="1.0"?>
<opencv_storage>

<recognizer_impl_name>method12v30</recognizer_impl_name>



<part0>share/fda/fda0017.3500.enc</part0>
<part1>share/facerec/recognizers/method12v30/method12v30_1.enc</part1>
<part2>share/facerec/recognizers/method12v30/method12v30_2.enc</part2>
<part3>share/facerec/recognizers/method12v30/method12v30_3.enc</part3>

<use_mobile_gpu>0</use_mobile_gpu>
<use_cuda>0</use_cuda>
<gpu_index>0</gpu_index>

<roc>
5.010690212250
0.000000000000
0.009570159949
0.000000000000

235.901000976562
0.000000000000
0.033611219376
0.000000000000

466.791290283203
0.000000000000
0.071010045707
0.000000000000

697.681579589844
0.000000000000
0.097706079483
0.000000000000

928.571899414062
0.000000000000
0.115143015981
0.000000000000

1159.462280273438
0.000000000000
0.126276016235
0.000000000000

1390.352539062500
0.000000000000
0.135932207108
0.000000000000

1621.242919921875
0.000000000000
0.146628737450
0.000000000000

1852.133178710938
0.000000000000
0.160168409348
0.000000000000

2083.023437500000
0.000000000000
0.181713968515
0.000000000000

2313.913818359375
0.000000000000
0.212713494897
0.000000000000

2544.804199218750
0.000000000000
0.255867123604
0.000000000000

2775.694335937500
0.000000000000
0.301665008068
0.000000000000

3006.584716796875
0.000000000000
0.362322300673
0.000000000000

3237.475097656250
0.000000000000
0.428684949875
0.000000000000

3468.365234375000
0.000000000000
0.492777854204
0.000000000000

3699.255615234375
0.000000000000
0.558870911598
0.000000000000

3930.145996093750
0.000000000000
0.621117174625
0.000000000000

4161.036132812500
0.000000000000
0.680300951004
0.000029981136

4391.926757812500
0.000000000000
0.731967210770
0.000040352345

4622.816894531250
0.000000000000
0.777681291103
0.000057101250

4853.707031250000
0.000000000000
0.818810105324
0.000092506409

5084.597656250000
0.000000000500
0.852642774582
0.000905632973

5315.487792968750
0.000000002248
0.880736649036
0.001466751099

5546.377929687500
0.000000002248
0.905901551247
0.001466751099

5777.268554687500
0.000000014502
0.925026893616
0.018929362297

6008.158691406250
0.000000017925
0.939286768436
0.018929362297

6239.048828125000
0.000000062377
0.952412426472
0.061701655388

6469.939453125000
0.000000142554
0.961923956871
0.150236785412

6700.829589843750
0.000000387043
0.970340013504
0.322243034840

6931.719726562500
0.000001307053
0.975721001625
0.563257634640

7162.610351562500
0.000004321602
0.980457425117
0.742491483688

7393.500488281250
0.000013600178
0.984500825405
0.895045995712

7624.390625000000
0.000041450628
0.987574458122
0.967030704021

7855.281250000000
0.000122484271
0.989649415016
0.990544855595

8086.171386718750
0.000354001473
0.991224884987
0.997286975384

8317.061523437500
0.000990516506
0.992405653000
0.999143302441

8547.952148437500
0.002688556910
0.993587255478
0.999814629555

8778.842773437500
0.006892952137
0.994396030903
0.999923229218

9009.732421875000
0.016631508246
0.994897127151
0.999979555607

9240.623046875000
0.036977767944
0.995266377926
0.999988138676

9471.513671875000
0.075477048755
0.996379077435
0.999989092350

9702.403320312500
0.139739066362
0.996839344501
0.999996244907

9933.293945312500
0.235404551029
0.997277915478
0.999996960163

10164.184570312500
0.359687775373
0.997952818871
0.999997377396

10395.074218750000
0.502544105053
0.998513162136
0.999997854233

10625.964843750000
0.644973039627
0.998914241791
0.999997913837

10856.855468750000
0.770233929157
0.999441981316
0.999998271465

11087.745117187500
0.865705132484
0.999698817730
0.999998390675

11318.635742187500
0.929830789566
0.999816000462
0.999998629093

11549.526367187500
0.967176437378
0.999876976013
0.999998152256

11780.416015625000
0.986362993717
0.999964118004
0.999997973442

12011.306640625000
0.994938254356
0.999993026257
0.999996423721

12242.197265625000
0.998336255550
0.999997973442
0.999999225140

12473.086914062500
0.999510884285
1.000000000000
0.999999105930

12703.977539062500
0.999873518944
1.000000000000
0.999999105930

12934.868164062500
0.999970436096
1.000000000000
0.999999105930

13165.757812500000
0.999993979931
1.000000000000
0.999999105930

13396.648437500000
0.999998986721
1.000000000000
0.999999105930

13627.539062500000
1.000000000000
1.000000000000
0.999999105930

13858.428710937500
1.000000000000
1.000000000000
0.999999105930

14089.319335937500
1.000000000000
1.000000000000
0.999999105930

14320.209960937500
1.000000000000
1.000000000000
0.999999105930

14551.099609375000
1.000000000000
1.000000000000
0.999999105930

</roc>



</opencv_storage>
