<?xml version="1.0"?>
<opencv_storage>

<recognizer_impl_name>method12v300</recognizer_impl_name>



<part0>share/fda/fda0017.3500.enc</part0>
<part1>share/facerec/recognizers/method12v300/method12v300_1.enc</part1>
<part2>share/facerec/recognizers/method12v300/method12v300_2.enc</part2>
<part3>share/facerec/recognizers/method12v300/method12v300_3.enc</part3>

<use_mobile_gpu>0</use_mobile_gpu>
<use_cuda>0</use_cuda>
<gpu_index>0</gpu_index>

<roc>
6.147439956665
0.000000000000
0.009438299574
0.000000000000

376.457794189453
0.000000000000
0.032460898161
0.000000000000

746.768188476562
0.000000000000
0.069310136139
0.000000000000

1117.078613281250
0.000000000000
0.100157439709
0.000000000000

1487.388916015625
0.000000000000
0.117908135056
0.000000000000

1857.699218750000
0.000000000000
0.128882095218
0.000000000000

2228.009765625000
0.000000000000
0.137822926044
0.000000000000

2598.320068359375
0.000000000000
0.150784000754
0.000000000000

2968.630371093750
0.000000000000
0.168546169996
0.000000000000

3338.940673828125
0.000000000000
0.196651458740
0.000000000000

3709.250976562500
0.000000000000
0.236818715930
0.000000000000

4079.561523437500
0.000000000000
0.286387145519
0.000000000000

4449.872070312500
0.000000000000
0.347337394953
0.000000000000

4820.182128906250
0.000000000000
0.415119290352
0.000000000000

5190.492675781250
0.000000000000
0.485015869141
0.000000000000

5560.802734375000
0.000000000000
0.556979835033
0.000003159046

5931.113281250000
0.000000000000
0.621855735779
0.000004112720

6301.423828125000
0.000000000000
0.681625545025
0.000005662441

6671.733886718750
0.000000000000
0.736176133156
0.000008523464

7042.044433593750
0.000000000073
0.783961713314
0.000622689724

7412.354492187500
0.000000001384
0.822631537914
0.000662744045

7782.665039062500
0.000000001384
0.856342256069
0.000662744045

8152.975585937500
0.000000002904
0.887816250324
0.001241087914

8523.286132812500
0.000000004313
0.911464989185
0.001391828060

8893.596679687500
0.000000005777
0.930959582329
0.002500236034

9263.906250000000
0.000000011448
0.945155799389
0.015311121941

9634.216796875000
0.000000028817
0.957023799419
0.045068144798

10004.527343750000
0.000000064742
0.965744137764
0.099869430065

10374.837890625000
0.000000122536
0.972809493542
0.134439051151

10745.148437500000
0.000000237733
0.977624833584
0.268921196461

11115.458007812500
0.000000681944
0.982264935970
0.467280745506

11485.768554687500
0.000001932971
0.986297369003
0.661741733551

11856.079101562500
0.000005383215
0.988135039806
0.860833644867

12226.389648437500
0.000014639416
0.990073978901
0.939866483212

12596.700195312500
0.000039318722
0.991112887859
0.982686042786

12967.009765625000
0.000103715480
0.992072939873
0.993215799332

13337.320312500000
0.000272112578
0.992817938328
0.998598277569

13707.630859375000
0.000709519314
0.993598401546
0.999208450317

14077.941406250000
0.001808261382
0.994051158428
0.999849736691

14448.251953125000
0.004469545558
0.994442999363
0.999931931496

14818.561523437500
0.010552649386
0.994982838631
0.999957859516

15188.872070312500
0.023472560570
0.995415806770
0.999983429909

15559.182617187500
0.048691052943
0.996038675308
0.999988734722

15929.493164062500
0.093526057899
0.996848702431
0.999992132187

16299.803710937500
0.165324091911
0.997338294983
0.999995946884

16670.113281250000
0.267913639545
0.997783422470
0.999997377396

17040.423828125000
0.397666662931
0.998330712318
0.999998033047

17410.734375000000
0.542149662971
0.998720169067
0.999998569489

17781.044921875000
0.682426929474
0.999033272266
0.999998569489

18151.353515625000
0.800952911377
0.999252974987
0.999998509884

18521.664062500000
0.888053178787
0.999504029751
0.999998033047

18891.974609375000
0.943678855896
0.999710977077
0.999997317791

19262.285156250000
0.974684655666
0.999824762344
0.999996781349

19632.595703125000
0.989825725555
0.999901652336
0.999995410442

20002.906250000000
0.996337652206
0.999947726727
0.999992668629

20373.216796875000
0.998819231987
0.999956011772
0.999992668629

20743.527343750000
0.999658346176
0.999997019768
0.999989330769

21113.837890625000
0.999911129475
1.000000000000
0.999997675419

21484.148437500000
0.999979019165
1.000000000000
0.999997675419

21854.457031250000
0.999996006489
1.000000000000
0.999997675419

22224.767578125000
0.999998986721
1.000000000000
0.999997675419

22595.078125000000
1.000000000000
1.000000000000
0.999997675419

22965.388671875000
1.000000000000
1.000000000000
0.999997675419

23335.699218750000
1.000000000000
1.000000000000
0.999997675419

</roc>


</opencv_storage>
