<?xml version="1.0"?>
<opencv_storage>

<recognizer_impl_name>method8v6</recognizer_impl_name>


<parts_count>3</parts_count>

<part0>share/facerec/recognizers/method8v6/method8v6_u.bin</part0>
<part1>share/facerec/recognizers/method8v6/method8v6_1024.bin</part1>
<part2>share/facerec/recognizers/method8v6/method8v6_32.bin</part2>


<roc>
1.728099942207
0.000000000000
0.000000000000
0.000000000000

274.822875976562
0.000000000000
0.000000000000
0.000000000000

547.917663574219
0.000000000000
0.000007663190
0.000000000000

821.012451171875
0.000000000000
0.000012066800
0.000000000000

1094.107299804688
0.000000000000
0.000021718501
0.000000000000

1367.202026367188
0.000000000000
0.000222175004
0.000000000000

1640.296875000000
0.000000000000
0.000824783987
0.000000000000

1913.391723632812
0.000000000000
0.000978691038
0.000000000000

2186.486328125000
0.000000000000
0.001992319943
0.000000000000

2459.581054687500
0.000000000000
0.004041629843
0.000000000000

2732.675781250000
0.000000000000
0.009144780226
0.000000000000

3005.770751953125
0.000000000000
0.012936990708
0.000000000000

3278.865478515625
0.000000000000
0.021171195433
0.000000000000

3551.960205078125
0.000000000000
0.028554294258
0.000000000000

3825.055175781250
0.000000000000
0.039498165250
0.000004768372

4098.149902343750
0.000000000000
0.053012959659
0.000004768372

4371.244628906250
0.000000000000
0.079281851649
0.000004768372

4644.339355468750
0.000000000000
0.105004183948
0.000004768372

4917.434082031250
0.000000000000
0.131431385875
0.000004768372

5190.528808593750
0.000000000000
0.170034125447
0.000004768372

5463.623535156250
0.000000000000
0.208635553718
0.000004768372

5736.718750000000
0.000000000000
0.254328608513
0.000004768372

6009.813476562500
0.000000000000
0.307216972113
0.000004768372

6282.908203125000
0.000000000000
0.365755468607
0.000005304813

6556.002929687500
0.000000000000
0.420123636723
0.000006377697

6829.097656250000
0.000000000000
0.474465161562
0.000008046627

7102.192382812500
0.000000000486
0.530810177326
0.000647902489

7375.287109375000
0.000000007402
0.581487178802
0.009152948856

7648.382324218750
0.000000031214
0.637809574604
0.033722996712

7921.477050781250
0.000000212101
0.677377521992
0.098533570766

8194.572265625000
0.000000830483
0.731596946716
0.183875799179

8467.666992187500
0.000002153254
0.777686774731
0.311361372471

8740.761718750000
0.000005898167
0.813549339771
0.456109285355

9013.856445312500
0.000012573279
0.851381897926
0.551653981209

9286.951171875000
0.000027972716
0.880548357964
0.706781685352

9560.045898437500
0.000061937077
0.906997203827
0.825922310352

9833.140625000000
0.000136829578
0.924514293671
0.923511028290

10106.235351562500
0.000294777739
0.939188122749
0.958253920078

10379.330078125000
0.000626119028
0.956773400307
0.978454291821

10652.424804687500
0.001330991974
0.968957245350
0.993021965027

10925.519531250000
0.002805161523
0.978231310844
0.997285127640

11198.615234375000
0.005923954770
0.985813975334
0.998923957348

11471.709960937500
0.012465000153
0.990531980991
0.999706804752

11744.804687500000
0.026120359078
0.993170976639
0.999938488007

12017.899414062500
0.053446158767
0.994736015797
0.999975800514

12290.994140625000
0.104464076459
0.996608018875
0.999986588955

12564.088867187500
0.190806150436
0.997034013271
0.999995112419

12837.183593750000
0.317724525928
0.997976005077
0.999997019768

13110.278320312500
0.476505011320
0.998503983021
0.999997377396

13383.373046875000
0.642204463482
0.999328970909
0.999996066093

13656.467773437500
0.785295307636
0.999669015408
0.999998807907

13929.562500000000
0.887678623199
0.999800026417
0.999998092651

14202.657226562500
0.948649525642
0.999800980091
0.999998092651

14475.751953125000
0.979292631149
1.000000000000
0.999997675419

14748.846679687500
0.992552042007
1.000000000000
0.999997675419

15021.941406250000
0.997581899166
1.000000000000
0.999997675419

15295.037109375000
0.999290525913
1.000000000000
0.999997675419

15568.131835937500
0.999809563160
1.000000000000
0.999997675419

15841.226562500000
0.999952793121
1.000000000000
0.999997675419

16114.321289062500
0.999989986420
1.000000000000
0.999997675419

16387.416015625000
0.999997973442
1.000000000000
0.999997675419

16660.509765625000
0.999998986721
1.000000000000
0.999997675419

16933.605468750000
1.000000000000
1.000000000000
0.999997675419

17206.699218750000
1.000000000000
1.000000000000
0.999997675419

</roc>


</opencv_storage>
