<?xml version="1.0"?>
<opencv_storage>

<recognizer_impl_name>method12v100</recognizer_impl_name>



<part0>share/fda/fda0017.3500.enc</part0>
<part1>share/facerec/recognizers/method12v100/method12v100_1.enc</part1>
<part2>share/facerec/recognizers/method12v100/method12v100_2.enc</part2>
<part3>share/facerec/recognizers/method12v100/method12v100_3.enc</part3>

<use_mobile_gpu>0</use_mobile_gpu>
<use_cuda>0</use_cuda>
<gpu_index>0</gpu_index>

<fit_score>1</fit_score>
<use_custom_score_formula>0</use_custom_score_formula>

<target_score>85</target_score>
<target_far>0.0000002</target_far>
<target_frr>0.01</target_frr>
<score_formula>(1-(log10(far)+8)/8)</score_formula>

<roc>
5.406529903412
0.000000000000
0.009471260011
0.000000000000

243.723892211914
0.000000000000
0.031584795564
0.000000000000

482.041259765625
0.000000000000
0.070095553994
0.000000000000

720.358642578125
0.000000000000
0.099850691855
0.000000000000

958.676025390625
0.000000000000
0.117156825960
0.000000000000

1196.993286132812
0.000000000000
0.128632098436
0.000000000000

1435.310668945312
0.000000000000
0.137928724289
0.000000000000

1673.628051757812
0.000000000000
0.150408565998
0.000000000000

1911.945434570312
0.000000000000
0.167848750949
0.000000000000

2150.262695312500
0.000000000000
0.194098666310
0.000000000000

2388.580078125000
0.000000000000
0.232103317976
0.000000000000

2626.897460937500
0.000000000000
0.283160388470
0.000000000000

2865.214843750000
0.000000000000
0.341472536325
0.000000000000

3103.532226562500
0.000000000000
0.404983758926
0.000000000000

3341.849609375000
0.000000000000
0.474059224129
0.000000000000

3580.166992187500
0.000000000000
0.541493058205
0.000000000000

3818.484375000000
0.000000000000
0.606401145458
0.000025629997

4056.801757812500
0.000000000000
0.667702555656
0.000034034252

4295.119140625000
0.000000000000
0.723557889462
0.000049233437

4533.436523437500
0.000000000000
0.770300447941
0.000077962875

4771.753906250000
0.000000000500
0.810668528080
0.000069916248

5010.071289062500
0.000000000500
0.847719728947
0.000226676464

5248.388671875000
0.000000000500
0.875720202923
0.000224947929

5486.706054687500
0.000000000500
0.902735471725
0.000389397144

5725.023437500000
0.000000001665
0.922326147556
0.002105474472

5963.340820312500
0.000000002540
0.938157916069
0.005106568336

6201.658203125000
0.000000002969
0.951475501060
0.006866753101

6439.975585937500
0.000000017970
0.961960911751
0.041350305080

6678.292968750000
0.000000031472
0.969635844231
0.038944363594

6916.610351562500
0.000000054374
0.976041018963
0.094455778599

7154.927734375000
0.000000139068
0.980936527252
0.277691841125

7393.245117187500
0.000000367930
0.984120666981
0.404371917248

7631.562500000000
0.000000964985
0.986824989319
0.615046262741

7869.879882812500
0.000003014077
0.989135503769
0.799408078194

8108.197265625000
0.000009023175
0.990613341331
0.938087403774

8346.513671875000
0.000026350164
0.991536974907
0.979921579361

8584.831054687500
0.000074706673
0.992662847042
0.988490998745

8823.148437500000
0.000213399122
0.993551969528
0.998113989830

9061.465820312500
0.000602018728
0.993880152702
0.999628484249

9299.783203125000
0.001662517898
0.994452416897
0.999734520912

9538.100585937500
0.004443845712
0.994938731194
0.999930083752

9776.417968750000
0.011271732859
0.995445251465
0.999964177608

10014.735351562500
0.026714717969
0.995881378651
0.999988317490

10253.052734375000
0.058010015637
0.996312856674
0.999994039536

10491.370117187500
0.114675454795
0.996840298176
0.999995470047

10729.687500000000
0.204412400723
0.997407019138
0.999996602535

10968.004882812500
0.328015357256
0.997867584229
0.999997913837

11206.322265625000
0.474965691566
0.998285472393
0.999998390675

11444.639648437500
0.626490354538
0.998709797859
0.999998331070

11682.957031250000
0.760735213757
0.999034523964
0.999998033047

11921.274414062500
0.863155424595
0.999362945557
0.999997317791

12159.591796875000
0.930490911007
0.999859035015
0.999996125698

12397.909179687500
0.968733429909
0.999947249889
0.999999165535

12636.226562500000
0.987556397915
0.999977409840
0.999998867512

12874.543945312500
0.995616853237
0.999989986420
0.999999046326

13112.861328125000
0.998625755310
0.999996006489
0.999997735023

13351.178710937500
0.999614953995
1.000000000000
0.999995768070

13589.496093750000
0.999902606010
1.000000000000
0.999995768070

13827.813476562500
0.999977588654
1.000000000000
0.999995768070

14066.130859375000
0.999996006489
1.000000000000
0.999995768070

14304.448242187500
0.999998986721
1.000000000000
0.999995768070

14542.765625000000
1.000000000000
1.000000000000
0.999995768070

14781.083007812500
1.000000000000
1.000000000000
0.999995768070

15019.400390625000
1.000000000000
1.000000000000
0.999995768070

</roc>



</opencv_storage>
