<?xml version="1.0"?>
<opencv_storage>

<recognizer_impl_name>method7v6</recognizer_impl_name>



<part0>share/facerec/recognizers/method7v6/method7v6_u.bin</part0>
<part1>share/facerec/recognizers/method7v6/method7v6_uc1.bin</part1>
<part2>share/facerec/recognizers/method7v6/method7v6_uc2.bin</part2>
<part3>share/facerec/recognizers/method7v6/method7v6_uc3.bin</part3>
<part4>share/facerec/recognizers/method7v6/method7v6_uc4.bin</part4>
<part5>share/facerec/recognizers/method7v6/method7v6_1024.bin</part5>
<part6>share/facerec/recognizers/method7v6/method7v6_32.bin</part6>

<roc>
1.403200030327
0.000000000000
0.000000000000
0.000000000000

224.688873291016
0.000000000000
0.000000000000
0.000000000000

447.974548339844
0.000000000000
0.000007663190
0.000000000000

671.260253906250
0.000000000000
0.000017759399
0.000000000000

894.545898437500
0.000000000000
0.000022919299
0.000000000000

1117.831542968750
0.000000000000
0.000222464179
0.000000000000

1341.117309570312
0.000000000000
0.001422740053
0.000000000000

1564.402954101562
0.000000000000
0.001660770038
0.000000000000

1787.688598632812
0.000000000000
0.003157249186
0.000000000000

2010.974243164062
0.000000000000
0.005154959857
0.000000000000

2234.260009765625
0.000000000000
0.007504120003
0.000000000000

2457.545654296875
0.000000000000
0.013383200392
0.000000000000

2680.831542968750
0.000000000000
0.021609000862
0.000000000000

2904.117187500000
0.000000000000
0.032173663378
0.000000000000

3127.402832031250
0.000000000000
0.047207210213
0.000000000000

3350.688476562500
0.000000000000
0.063460968435
0.000000000000

3573.974121093750
0.000000000000
0.084355726838
0.000000000000

3797.259765625000
0.000000000000
0.110556796193
0.000000000000

4020.545410156250
0.000000000000
0.140758216381
0.000000000000

4243.831054687500
0.000000000000
0.180702641606
0.000000000000

4467.116699218750
0.000000000000
0.223412126303
0.000000000000

4690.402343750000
0.000000000000
0.263767957687
0.000000000000

4913.687988281250
0.000000000000
0.313579738140
0.000000000000

5136.973632812500
0.000000000000
0.366815775633
0.000000000000

5360.259765625000
0.000000000000
0.429396510124
0.000000000000

5583.545410156250
0.000000000000
0.480632692575
0.000000000000

5806.831054687500
0.000000000000
0.540051400661
0.002490043640

6030.116699218750
0.000000000000
0.596955418587
0.003060221672

6253.402343750000
0.000000000000
0.648754954338
0.003861844540

6476.687988281250
0.000000000000
0.699588894844
0.005186438560

6699.973632812500
0.000000000000
0.746596395969
0.007641077042

6923.259277343750
0.000000061374
0.790007352829
0.039583206177

7146.544921875000
0.000000124940
0.827269136906
0.045075535774

7369.830566406250
0.000000212808
0.858870506287
0.060827910900

7593.116210937500
0.000000630162
0.884992003441
0.196907758713

7816.401855468750
0.000001987593
0.906594395638
0.369502127171

8039.687500000000
0.000004393491
0.927865624428
0.479741156101

8262.973632812500
0.000009362562
0.943587064743
0.628297090530

8486.258789062500
0.000020512010
0.956641793251
0.762123584747

8709.544921875000
0.000049637027
0.970099985600
0.892819643021

8932.830078125000
0.000113896509
0.978155314922
0.956389427185

9156.116210937500
0.000260221277
0.983016550541
0.987012863159

9379.401367187500
0.000590607815
0.986482024193
0.996079146862

9602.687500000000
0.001365599222
0.989491403103
0.998042106628

9825.972656250000
0.003205898916
0.992037713528
0.999416828156

10049.258789062500
0.007882276550
0.994787991047
0.999792873859

10272.543945312500
0.019611245021
0.995335996151
0.999974548817

10495.830078125000
0.047542449087
0.996065974236
0.999993503094

10719.116210937500
0.106903292239
0.996482014656
0.999996542931

10942.401367187500
0.213024944067
0.997371971607
0.999993264675

11165.687500000000
0.369441419840
0.998959004879
0.999997079372

11388.972656250000
0.555011570454
0.999445021152
0.999997258186

11612.258789062500
0.730813741684
0.999867022038
0.999999225140

11835.543945312500
0.863083660603
0.999894022942
0.999999225140

12058.830078125000
0.942325651646
1.000000000000
0.999999523163

12282.115234375000
0.979795217514
1.000000000000
0.999999523163

12505.401367187500
0.994083583355
1.000000000000
0.999999523163

12728.686523437500
0.998545050621
1.000000000000
0.999999523163

12951.972656250000
0.999696016312
1.000000000000
0.999999523163

13175.257812500000
0.999946475029
1.000000000000
0.999999523163

13398.543945312500
0.999992012978
1.000000000000
0.999999523163

13621.829101562500
0.999998986721
1.000000000000
0.999999523163

13845.115234375000
1.000000000000
1.000000000000
0.999999523163

14068.400390625000
1.000000000000
1.000000000000
0.999999523163

</roc>

</opencv_storage>
