<?xml version="1.0"?>
<opencv_storage>

<recognizer_impl_name>method9v300mask</recognizer_impl_name>


<part0>share/fda/fda0017.3500.enc</part0>
<part1>share/facerec/recognizers/method9v300mask/method9v300mask_1.bin</part1>
<part2>share/facerec/recognizers/method9v300mask/method9v300mask_2.bin</part2>
<part3>share/facerec/recognizers/method9v300mask/method9v300mask_3.bin</part3>

<use_mobile_gpu>1</use_mobile_gpu>
<use_cuda>0</use_cuda>
<gpu_index>0</gpu_index>

<roc>
1.294199943542
0.000000000000
0.000000000000
0.000000000000

160.275253295898
0.000000000000
0.000007663190
0.000000000000

319.256286621094
0.000000000000
0.000125306004
0.000000000000

478.237335205078
0.000000000000
0.001168580027
0.000000000000

637.218383789062
0.000000000000
0.002506470075
0.000000000000

796.199462890625
0.000000000000
0.009367171675
0.000000000000

955.180480957031
0.000000000000
0.020648499951
0.000000000000

1114.161499023438
0.000000000000
0.033639717847
0.000000000000

1273.142578125000
0.000000000000
0.051482487470
0.000000000000

1432.123657226562
0.000000000000
0.082583256066
0.000000000000

1591.104736328125
0.000000000000
0.123385414481
0.000000000000

1750.085693359375
0.000000000000
0.176682546735
0.000000000000

1909.066772460938
0.000000000000
0.239608794451
0.000000238419

2068.047851562500
0.000000000000
0.303032338619
0.000000238419

2227.028808593750
0.000000000000
0.370025336742
0.000000238419

2386.010009765625
0.000000000000
0.438183546066
0.000000298023

2544.990966796875
0.000000000000
0.519720971584
0.000000417233

2703.971923828125
0.000000000000
0.585088431835
0.000000655651

2862.953125000000
0.000000000106
0.652332305908
0.003661036491

3021.934082031250
0.000000016157
0.716108679771
0.008138537407

3180.915283203125
0.000000235843
0.764078021049
0.074378073215

3339.896240234375
0.000000429350
0.816261827946
0.104921877384

3498.877197265625
0.000002302210
0.852155089378
0.372571587563

3657.858398437500
0.000006688182
0.883990526199
0.520421266556

3816.839355468750
0.000017503447
0.911068260670
0.718107700348

3975.820312500000
0.000045069311
0.930815279484
0.824558854103

4134.801757812500
0.000109744171
0.947723984718
0.908430159092

4293.782714843750
0.000260344823
0.963668048382
0.959009349346

4452.763671875000
0.000587772869
0.973257124424
0.987864971161

4611.744628906250
0.001259146491
0.980739176273
0.996167600155

4770.726074218750
0.002568774624
0.984861671925
0.998494505882

4929.707031250000
0.005058669019
0.989175975323
0.999303817749

5088.687988281250
0.009495300241
0.991032838821
0.999746441841

5247.668945312500
0.017140299082
0.993319988251
0.999907553196

5406.649902343750
0.029634011909
0.994080007076
0.999952256680

5565.631347656250
0.049103710800
0.995815992355
0.999955773354

5724.612304687500
0.077863708138
0.997291028500
0.999976038933

5883.593261718750
0.118328645825
0.998372018337
0.999992489815

6042.574218750000
0.172520667315
0.998641014099
0.999995946884

6201.555175781250
0.240440130234
0.998870015144
0.999998033047

6360.536621093750
0.321698963642
0.998917996883
0.999998569489

6519.517578125000
0.413136899471
0.999180972576
0.999999165535

6678.498535156250
0.510008454323
0.999185979366
0.999999642372

6837.479492187500
0.606775879860
0.999203026295
0.999998807907

6996.460449218750
0.697922646999
0.999203026295
0.999999046326

7155.441406250000
0.778859972954
0.999372899532
0.999998927116

7314.422851562500
0.845725774765
0.999401986599
0.999998867512

7473.403808593750
0.897920191288
1.000000000000
0.999997675419

7632.384765625000
0.936055779457
1.000000000000
0.999997675419

7791.365722656250
0.962188780308
1.000000000000
0.999997675419

7950.346679687500
0.978954792023
1.000000000000
0.999997675419

8109.328125000000
0.988971233368
1.000000000000
0.999997675419

8268.308593750000
0.994606196880
1.000000000000
0.999997675419

8427.289062500000
0.997522652149
1.000000000000
0.999997675419

8586.270507812500
0.998937547207
1.000000000000
0.999997675419

8745.251953125000
0.999572813511
1.000000000000
0.999997675419

8904.232421875000
0.999843120575
1.000000000000
0.999997675419

9063.213867187500
0.999944984913
1.000000000000
0.999997675419

9222.194335937500
0.999981999397
1.000000000000
0.999997675419

9381.175781250000
0.999993979931
1.000000000000
0.999997675419

9540.157226562500
0.999997973442
1.000000000000
0.999997675419

9699.137695312500
0.999999284744
1.000000000000
0.999997675419

9858.119140625000
1.000000000000
1.000000000000
0.999997675419

10017.099609375000
1.000000000000
1.000000000000
0.999997675419

</roc>


</opencv_storage>
