<?xml version="1.0"?>
<opencv_storage>

<recognizer_impl_name>method6</recognizer_impl_name>


<parts_count>1</parts_count>

<part0>share/facerec/recognizers/method6/encoder6v1.bin</part0>

<roc>
0.000258999993
0.000000000000
0.000000000000
0.000560402870

0.041320767254
0.000000000000
0.000217478999
0.000560402870

0.082382529974
0.000000000000
0.002465399913
0.000560402870

0.123444296420
0.000000000000
0.006856332533
0.000560402870

0.164506062865
0.000000000295
0.015392133035
0.001888632774

0.205567821860
0.000000001475
0.029058534652
0.030593574047

0.246629595757
0.000000033474
0.056174904108
0.044266402721

0.287691384554
0.000000125535
0.088038206100
0.053837895393

0.328753143549
0.000000228868
0.131636679173
0.056620657444

0.369814902544
0.000000706391
0.185618072748
0.148934245110

0.410876661539
0.000001632648
0.249044001102
0.200239598751

0.451938450336
0.000005781038
0.317723840475
0.408226728439

0.493000209332
0.000016994090
0.390632480383
0.553339242935

0.534061968327
0.000042358370
0.460101693869
0.647704541683

0.575123727322
0.000102320562
0.534852862358
0.752708315849

0.616185486317
0.000229056343
0.604035377502
0.844964146614

0.657247245312
0.000467338745
0.671574413776
0.904522716999

0.698309004307
0.000907299342
0.725990712643
0.948026955128

0.739370763302
0.001689600409
0.784040629864
0.967861473560

0.780432522297
0.002975959331
0.835685610771
0.982807755470

0.821494281292
0.005048088729
0.868707180023
0.991992771626

0.862556099892
0.008264281787
0.897024929523
0.995623886585

0.903617858887
0.013051331975
0.924069523811
0.997319579124

0.944679617882
0.019968446344
0.945669054985
0.998578548431

0.985741376877
0.029678147286
0.961619555950
0.999319195747

1.026803255081
0.042942374945
0.971937656403
0.999657094479

1.067865014076
0.060505095869
0.978736996651
0.999783992767

1.108926773071
0.083179518580
0.985720574856
0.999858021736

1.149988532066
0.111508585513
0.991217970848
0.999916613102

1.191050291061
0.146139174700
0.995193004608
0.999961555004

1.232112050056
0.187265500426
0.996502995491
0.999976456165

1.273173809052
0.234895244241
0.998198509216
0.999982655048

1.314235568047
0.288569778204
0.999202013016
0.999990224838

1.355297327042
0.347506552935
0.999616980553
0.999998807907

1.396359086037
0.410708099604
0.999674022198
0.999998986721

1.437420845032
0.476620048285
0.999714016914
0.999998986721

1.478482604027
0.543493270874
0.999724984169
0.999999225140

1.519544363022
0.609634041786
0.999948024750
0.999998271465

1.560606122017
0.673341751099
0.999971985817
0.999999821186

1.601667881012
0.732779741287
0.999985992908
0.999999940395

1.642729640007
0.786732435226
0.999989986420
0.999999940395

1.683791518211
0.834297180176
0.999989986420
0.999999940395

1.724853277206
0.874905347824
0.999997019768
0.999999880791

1.765915036201
0.908328115940
1.000000000000
1.000000000000

1.806976795197
0.934986293316
1.000000000000
1.000000000000

1.848038554192
0.955448150635
1.000000000000
1.000000000000

1.889100313187
0.970597147942
1.000000000000
1.000000000000

1.930162072182
0.981287479401
1.000000000000
1.000000000000

1.971223831177
0.988576233387
1.000000000000
1.000000000000

2.012285470963
0.993319690228
1.000000000000
1.000000000000

2.053347349167
0.996255815029
1.000000000000
1.000000000000

2.094408988953
0.997984826565
1.000000000000
1.000000000000

2.135470867157
0.998970210552
1.000000000000
1.000000000000

2.176532506943
0.999494731426
1.000000000000
1.000000000000

2.217594385147
0.999765098095
1.000000000000
1.000000000000

2.258656024933
0.999894678593
1.000000000000
1.000000000000

2.299717903137
0.999954998493
1.000000000000
1.000000000000

2.340779542923
0.999981999397
1.000000000000
1.000000000000

2.381841421127
0.999993026257
1.000000000000
1.000000000000

2.422903060913
0.999997019768
1.000000000000
1.000000000000

2.463964939117
0.999998986721
1.000000000000
1.000000000000

2.505026578903
1.000000000000
1.000000000000
1.000000000000

2.546088457108
1.000000000000
1.000000000000
1.000000000000

2.587150096893
1.000000000000
1.000000000000
1.000000000000

</roc>


</opencv_storage>
