<?xml version="1.0"?>
<opencv_storage>

<recognizer_impl_name>method12v1000</recognizer_impl_name>



<part0>share/fda/fda0017.3500.enc</part0>
<part1>share/facerec/recognizers/method12v1000/method12v1000_1.enc</part1>
<part2>share/facerec/recognizers/method12v1000/method12v1000_2.enc</part2>
<part3>share/facerec/recognizers/method12v1000/method12v1000_3.enc</part3>

<use_mobile_gpu>0</use_mobile_gpu>
<use_cuda>0</use_cuda>
<gpu_index>0</gpu_index>

<roc>
5.915810108185
0.000000000000
0.009570159949
0.000000000000

246.023498535156
0.000000000000
0.035898648202
0.000000000000

486.131164550781
0.000000000000
0.086205154657
0.000000000000

726.238891601562
0.000000000000
0.115635521710
0.000000000000

966.346557617188
0.000000000000
0.127247229218
0.000000000000

1206.454223632812
0.000000000000
0.136818796396
0.000000000000

1446.561889648438
0.000000000000
0.151556953788
0.000000000000

1686.669555664062
0.000000000000
0.172313421965
0.000000000000

1926.777221679688
0.000000000000
0.203871741891
0.000000000000

2166.885009765625
0.000000000000
0.252098292112
0.000000000000

2406.992675781250
0.000000000000
0.314103752375
0.000000000000

2647.100341796875
0.000000000000
0.387263655663
0.000000000000

2887.208007812500
0.000000000000
0.467156112194
0.000000000000

3127.315673828125
0.000000000000
0.544847309589
0.000000000000

3367.423339843750
0.000000000000
0.618717193604
0.000000000000

3607.531005859375
0.000000000000
0.684891760349
0.000000000000

3847.638671875000
0.000000000000
0.740160226822
0.000000000000

4087.746337890625
0.000000000000
0.793841540813
0.000000000000

4327.854492187500
0.000000000000
0.837660491467
0.000000000000

4567.961914062500
0.000000000000
0.871076941490
0.000000000000

4808.069824218750
0.000000000000
0.899511635303
0.000210165977

5048.177246093750
0.000000000000
0.921702861786
0.000325858593

5288.285156250000
0.000000000000
0.940440654755
0.000622987747

5528.392578125000
0.000000001585
0.954387843609
0.002731561661

5768.500488281250
0.000000002098
0.964579522610
0.002685189247

6008.607910156250
0.000000002127
0.972038805485
0.003329992294

6248.715820312500
0.000000032748
0.978085100651
0.096531033516

6488.823242187500
0.000000069490
0.982303798199
0.161685049534

6728.931152343750
0.000000215815
0.985605716705
0.352734267712

6969.038574218750
0.000000671780
0.988266408443
0.610274016857

7209.146484375000
0.000001886829
0.989890873432
0.762153983116

7449.253906250000
0.000004644727
0.991143167019
0.876908063889

7689.361816406250
0.000011686120
0.992238581181
0.943073034286

7929.469726562500
0.000028244704
0.992934525013
0.985466063023

8169.577148437500
0.000067658497
0.993403375149
0.994371652603

8409.684570312500
0.000159654781
0.993944823742
0.997634410858

8649.792968750000
0.000371446600
0.994320988655
0.999041855335

8889.900390625000
0.000855706749
0.994734227657
0.999693751335

9130.007812500000
0.001969060861
0.995025932789
0.999891698360

9370.115234375000
0.004510204773
0.995274960995
0.999932527542

9610.223632812500
0.010283017531
0.995695471764
0.999965429306

9850.331054687500
0.022731222212
0.996062576771
0.999984920025

10090.438476562500
0.048004738986
0.996438682079
0.999991178513

10330.545898437500
0.094676777720
0.996939063072
0.999995052814

10570.654296875000
0.171012908220
0.997366249561
0.999997377396

10810.761718750000
0.281971335411
0.997736930847
0.999997138977

11050.869140625000
0.421325355768
0.998599290848
0.999996960163

11290.976562500000
0.573894023895
0.999226570129
0.999998211861

11531.084960937500
0.717135548592
0.999560832977
0.999998509884

11771.192382812500
0.832406461239
0.999849557877
0.999999046326

12011.299804687500
0.912468969822
0.999926805496
0.999999403954

12251.408203125000
0.959707319736
0.999979972839
0.999999344349

12491.515625000000
0.983825802803
0.999998986721
0.999999940395

12731.623046875000
0.994310081005
0.999998986721
0.999999940395

12971.730468750000
0.998258769512
1.000000000000
0.999999880791

13211.838867187500
0.999535977840
1.000000000000
0.999999880791

13451.946289062500
0.999891579151
1.000000000000
0.999999880791

13692.053710937500
0.999977469444
1.000000000000
0.999999880791

13932.161132812500
0.999996006489
1.000000000000
0.999999880791

14172.269531250000
0.999998986721
1.000000000000
0.999999880791

14412.376953125000
1.000000000000
1.000000000000
0.999999880791

14652.484375000000
1.000000000000
1.000000000000
0.999999880791

14892.591796875000
1.000000000000
1.000000000000
0.999999880791

15132.700195312500
1.000000000000
1.000000000000
0.999999880791

</roc>


</opencv_storage>
