<?xml version="1.0"?>
<opencv_storage>

<recognizer_impl_name>method9v1000</recognizer_impl_name>



<part0>share/fda/fda0017.3500.enc</part0>
<part1>share/facerec/recognizers/method9v1000/method9v1000_1.bin</part1>
<part2>share/facerec/recognizers/method9v1000/method9v1000_2.bin</part2>
<part3>share/facerec/recognizers/method9v1000/method9v1000_3.bin</part3>

<use_mobile_gpu>1</use_mobile_gpu>
<use_cuda>0</use_cuda>
<gpu_index>0</gpu_index>

<roc>
1.937479972839
0.000000000000
0.022798599675
0.000328004360

315.994018554688
0.000000000000
0.045172028244
0.000328004360

630.050598144531
0.000000000000
0.059597007930
0.000328004360

944.107177734375
0.000000000000
0.065045833588
0.000328004360

1258.163696289062
0.000000000000
0.069497257471
0.000328004360

1572.220214843750
0.000000000000
0.075356684625
0.000328004360

1886.276855468750
0.000000000000
0.086802214384
0.000328004360

2200.333251953125
0.000000000000
0.111112326384
0.000328004360

2514.389892578125
0.000000001734
0.144751742482
0.000391840935

2828.446533203125
0.000000001734
0.189926862717
0.000391840935

3142.502929687500
0.000000001734
0.255003780127
0.000391840935

3456.559570312500
0.000000005201
0.323917508125
0.001374661922

3770.616210937500
0.000000005201
0.400640040636
0.001374661922

4084.672607421875
0.000000010980
0.478730887175
0.000788033009

4398.729003906250
0.000000010980
0.556713759899
0.000788033009

4712.785644531250
0.000000012713
0.631339132786
0.000482439995

5026.842285156250
0.000000015091
0.701484858990
0.000630915165

5340.898925781250
0.000000017403
0.757757604122
0.001104652882

5654.955566406250
0.000000019054
0.807673573494
0.001210629940

5969.011718750000
0.000000021117
0.846099615097
0.002263605595

6283.068359375000
0.000000027127
0.879931986332
0.004629969597

6597.125000000000
0.000000050885
0.905869126320
0.019824445248

6911.181640625000
0.000000078814
0.926338076591
0.037832319736

7225.238281250000
0.000000191817
0.944598853588
0.125813186169

7539.294921875000
0.000000511589
0.956959366798
0.291999876499

7853.351074218750
0.000001275050
0.966659307480
0.453722655773

8167.407714843750
0.000003366565
0.973265230656
0.645857870579

8481.463867187500
0.000008772015
0.979085981846
0.793292939663

8795.520507812500
0.000022268267
0.982833862305
0.909543335438

9109.577148437500
0.000053129268
0.986438870430
0.955597400665

9423.633789062500
0.000123841281
0.989214003086
0.982288777828

9737.690429687500
0.000278084684
0.991478025913
0.994028747082

10051.747070312500
0.000607257185
0.993164002895
0.997926712036

10365.803710937500
0.001293677255
0.994392395020
0.999255239964

10679.860351562500
0.002707090694
0.995173990726
0.999770104885

10993.916992187500
0.005559858866
0.996016919613
0.999863207340

11307.973632812500
0.011136420071
0.996807992458
0.999943733215

11622.030273437500
0.021614780650
0.997255861759
0.999983131886

11936.085937500000
0.040318857878
0.997489988804
0.999990463257

12250.142578125000
0.071691177785
0.997824013233
0.999995231628

12564.199218750000
0.120498359203
0.998178005219
0.999997556210

12878.255859375000
0.190800309181
0.998260021210
0.999997675419

13192.312500000000
0.283610403538
0.998681008816
0.999998450279

13506.369140625000
0.395294964314
0.998944997787
0.999998211861

13820.425781250000
0.517583549023
0.999289989471
0.999998569489

14134.482421875000
0.639062941074
0.999544978142
0.999998629093

14448.539062500000
0.748399436474
0.999697983265
0.999998569489

14762.595703125000
0.837339460850
0.999925017357
0.999999582767

15076.652343750000
0.902942538261
0.999944984913
0.999999642372

15390.708007812500
0.946768462658
0.999948978424
0.999999761581

15704.764648437500
0.973219573498
0.999987006187
0.999998688698

16018.821289062500
0.987666130066
1.000000000000
0.999999523163

16332.877929687500
0.994799137115
1.000000000000
0.999999523163

16646.935546875000
0.997997879982
1.000000000000
0.999999523163

16960.990234375000
0.999295771122
1.000000000000
0.999999523163

17275.046875000000
0.999773502350
1.000000000000
0.999999523163

17589.103515625000
0.999933362007
1.000000000000
0.999999523163

17903.160156250000
0.999982416630
1.000000000000
0.999999523163

18217.216796875000
0.999994993210
1.000000000000
0.999999523163

18531.273437500000
0.999998986721
1.000000000000
0.999999523163

18845.330078125000
1.000000000000
1.000000000000
0.999999523163

19159.386718750000
1.000000000000
1.000000000000
0.999999523163

19473.443359375000
1.000000000000
1.000000000000
0.999999523163

19787.500000000000
1.000000000000
1.000000000000
0.999999523163

</roc>


</opencv_storage>
