<?xml version="1.0"?>
<opencv_storage>

<recognizer_impl_name>method10v30</recognizer_impl_name>



<part0>share/fda/fda0017.3500.enc</part0>
<part1>share/facerec/recognizers/method10v30/method10v30_1.bin</part1>
<part2>share/facerec/recognizers/method10v30/method10v30_2.bin</part2>
<part3>share/facerec/recognizers/method10v30/method10v30_3.bin</part3>

<use_mobile_gpu>0</use_mobile_gpu>
<use_cuda>0</use_cuda>
<gpu_index>0</gpu_index>

<roc>
1.705890059471
0.000000000000
0.000000000000
0.000000000000

272.562957763672
0.000000000000
0.000013364400
0.000000000000

543.419982910156
0.000000000000
0.000220982998
0.000000000000

814.277038574219
0.000000000000
0.001671729959
0.000000000000

1085.134155273438
0.000000000000
0.004626799840
0.000000000000

1355.991210937500
0.000000000000
0.011641499586
0.000000000000

1626.848266601562
0.000000000000
0.024898396805
0.000000000000

1897.705322265625
0.000000000000
0.043360661715
0.000000000000

2168.562255859375
0.000000000000
0.080706015229
0.000000000000

2439.419189453125
0.000000000000
0.128701731563
0.000000000000

2710.276367187500
0.000000000000
0.187682598829
0.000000000000

2981.133544921875
0.000000000000
0.270238637924
0.000000000000

3251.990478515625
0.000000000000
0.351797044277
0.000000000000

3522.847412109375
0.000000000000
0.436309456825
0.000000000000

3793.704589843750
0.000000000000
0.523629069328
0.002388060093

4064.561767578125
0.000000000000
0.609979808331
0.003266930580

4335.418945312500
0.000000000000
0.692476451397
0.005062520504

4606.275878906250
0.000000000000
0.755983471870
0.008712232113

4877.132812500000
0.000000061374
0.811022281647
0.019953966141

5147.990234375000
0.000000066489
0.857912003994
0.013690888882

5418.847167968750
0.000000127932
0.892824351788
0.038232684135

5689.704101562500
0.000000254561
0.915852010250
0.066459298134

5960.561523437500
0.000000450149
0.936117470264
0.163156747818

6231.418457031250
0.000000963757
0.956055879593
0.316490888596

6502.275390625000
0.000003454899
0.967343389988
0.557471215725

6773.132324218750
0.000008854093
0.979682028294
0.715284466743

7043.989257812500
0.000025414256
0.985809922218
0.896784126759

7314.846679687500
0.000067943693
0.989526987076
0.973591506481

7585.703613281250
0.000167667546
0.990947008133
0.993896842003

7856.560546875000
0.000386987638
0.992199182510
0.997457563877

8127.417968750000
0.000876815000
0.993595004082
0.997988939285

8398.274414062500
0.001906068996
0.995419979095
0.999429464340

8669.131835937500
0.003975701984
0.996778011322
0.999764859676

8939.989257812500
0.007935283706
0.997056007385
0.999966084957

9210.845703125000
0.015131969005
0.997272014618
0.999965310097

9481.703125000000
0.027653664351
0.998144984245
0.999980390072

9752.559570312500
0.048100098968
0.998184025288
0.999997019768

10023.416992187500
0.079504348338
0.998386979103
0.999998331070

10294.274414062500
0.124942414463
0.998403012753
0.999998033047

10565.130859375000
0.186524420977
0.998605012894
0.999994039536

10835.988281250000
0.264562398195
0.999401986599
0.999997735023

11106.845703125000
0.356823563576
0.999401986599
0.999998629093

11377.702148437500
0.458885610104
0.999401986599
0.999998986721

11648.559570312500
0.564406096935
0.999401986599
0.999998807907

11919.416992187500
0.665675878525
1.000000000000
0.999999165535

12190.273437500000
0.756308317184
1.000000000000
0.999999165535

12461.130859375000
0.832167088985
1.000000000000
0.999999165535

12731.987304687500
0.890815854073
1.000000000000
0.999999165535

13002.844726562500
0.933186054230
1.000000000000
0.999999165535

13273.702148437500
0.961678326130
1.000000000000
0.999999165535

13544.558593750000
0.979377627373
1.000000000000
0.999999165535

13815.416015625000
0.989641129971
1.000000000000
0.999999165535

14086.272460937500
0.995157778263
1.000000000000
0.999999165535

14357.129882812500
0.997895598412
1.000000000000
0.999999165535

14627.987304687500
0.999153912067
1.000000000000
0.999999165535

14898.843750000000
0.999682784081
1.000000000000
0.999999165535

15169.701171875000
0.999891519547
1.000000000000
0.999999165535

15440.558593750000
0.999963998795
1.000000000000
0.999999165535

15711.415039062500
0.999988973141
1.000000000000
0.999999165535

15982.272460937500
0.999997019768
1.000000000000
0.999999165535

16253.129882812500
0.999998986721
1.000000000000
0.999999165535

16523.986328125000
1.000000000000
1.000000000000
0.999999165535

16794.841796875000
1.000000000000
1.000000000000
0.999999165535

17065.699218750000
1.000000000000
1.000000000000
0.999999165535

</roc>



</opencv_storage>
