<?xml version="1.0"?>
<opencv_storage>

<recognizer_impl_name>method8v7</recognizer_impl_name>



<part0>share/fda/fda0017.3500.enc</part0>
<part1>share/facerec/recognizers/method8v7/method8v7_1.bin</part1>
<part2>share/facerec/recognizers/method8v7/method8v7_2.bin</part2>
<part3>share/facerec/recognizers/method8v7/method8v7_3.bin</part3>

<roc>
0.100000001490
0.000000000000
0.000000000000
0.000000000000

328.623809814453
0.000000000000
0.000007663190
0.000000000000

657.147583007812
0.000000000000
0.000017759399
0.000000000000

985.671386718750
0.000000000000
0.000021263400
0.000000000000

1314.195190429688
0.000000000000
0.000222867006
0.000000000000

1642.718994140625
0.000000000000
0.001096540014
0.000000000000

1971.242797851562
0.000000000000
0.003006790066
0.000000000000

2299.766601562500
0.000000000000
0.005903169978
0.000000000000

2628.290527343750
0.000000000000
0.010496100411
0.000000000000

2956.814453125000
0.000000000000
0.019444599748
0.000000000000

3285.338134765625
0.000000000000
0.034114401788
0.000000000000

3613.861816406250
0.000000000000
0.052876599133
0.000000000000

3942.385742187500
0.000000000000
0.085088998079
0.000000000000

4270.909667968750
0.000000000000
0.126522004604
0.000000000000

4599.433105468750
0.000000000000
0.172015994787
0.000000000000

4927.957031250000
0.000000000000
0.229534000158
0.000000000000

5256.480957031250
0.000000000000
0.291092008352
0.000000000000

5585.004882812500
0.000000000000
0.367180705070
0.001830697060

5913.528808593750
0.000000000000
0.446455001831
0.002260327339

6242.052246093750
0.000000000000
0.519285857677
0.002877593040

6570.576171875000
0.000000000000
0.601450026035
0.004180192947

6899.100097656250
0.000000061374
0.675225019455
0.013757288456

7227.623535156250
0.000000061374
0.737349987030
0.013757288456

7556.147460937500
0.000000062787
0.797589004040
0.007372319698

7884.671386718750
0.000000272474
0.844569981098
0.110990881920

8213.194335937500
0.000000867359
0.881875991821
0.236863791943

8541.718750000000
0.000002723790
0.909931004047
0.418628633022

8870.242187500000
0.000008058330
0.934455990791
0.612966716290

9198.765625000000
0.000021865701
0.952157974243
0.758180379868

9527.290039062500
0.000056783800
0.967754006386
0.885094046593

9855.813476562500
0.000138818999
0.977886974812
0.964537441730

10184.337890625000
0.000330799987
0.982133984566
0.989419341087

10512.861328125000
0.000747005979
0.986939013004
0.995840251446

10841.384765625000
0.001625319943
0.989764988422
0.998076021671

11169.909179687500
0.003410859965
0.993680000305
0.999204277992

11498.432617187500
0.006879759952
0.995275020599
0.999788165092

11826.957031250000
0.013306099921
0.996523022652
0.999908685684

12155.480468750000
0.024712100625
0.997213006020
0.999967157841

12484.003906250000
0.043701905757
0.998145997524
0.999984741211

12812.528320312500
0.073882900178
0.998287022114
0.999993920326

13141.051757812500
0.118674218655
0.998627007008
0.999996781349

13469.575195312500
0.181159004569
0.998889982700
0.999995708466

13798.099609375000
0.262477993965
0.999588012695
0.999993443489

14126.623046875000
0.360332995653
0.999800980091
0.999998629093

14455.146484375000
0.470241010189
0.999800980091
0.999998629093

14783.670898437500
0.583458006382
1.000000000000
0.999999701977

15112.194335937500
0.691420018673
1.000000000000
0.999999761581

15440.718750000000
0.785453021526
1.000000000000
0.999999761581

15769.242187500000
0.861034989357
1.000000000000
0.999999761581

16097.765625000000
0.916339993477
1.000000000000
0.999999761581

16426.289062500000
0.953487992287
1.000000000000
1.000000000000

16754.814453125000
0.976128995419
1.000000000000
1.000000000000

17083.337890625000
0.988788008690
1.000000000000
1.000000000000

17411.861328125000
0.995181977749
1.000000000000
1.000000000000

17740.384765625000
0.998113989830
1.000000000000
1.000000000000

18068.908203125000
0.999328017235
1.000000000000
1.000000000000

18397.431640625000
0.999786973000
1.000000000000
1.000000000000

18725.957031250000
0.999938011169
1.000000000000
1.000000000000

19054.480468750000
0.999983012676
1.000000000000
1.000000000000

19383.003906250000
0.999996006489
1.000000000000
1.000000000000

19711.527343750000
0.999998986721
1.000000000000
1.000000000000

20040.050781250000
1.000000000000
1.000000000000
1.000000000000

20368.576171875000
1.000000000000
1.000000000000
1.000000000000

20697.099609375000
1.000000000000
1.000000000000
1.000000000000

</roc>


</opencv_storage>
