<?xml version="1.0"?>
<opencv_storage>

<recognizer_impl_name>method8v7</recognizer_impl_name>



<part0>share/fda/fda0017.3500.enc</part0>
<part1>share/facerec/recognizers/method8v7/method8v7_1.bin</part1>
<part2>share/facerec/recognizers/method8v7/method8v7_2.bin</part2>
<part3>share/facerec/recognizers/method8v7/method8v7_3.bin</part3>

<roc>
2.069700002670
0.000000000000
0.022798599675
0.000075697899

335.652740478516
0.000000000000
0.031768169254
0.000075697899

669.235778808594
0.000000000000
0.053234439343
0.000075697899

1002.818847656250
0.000000000000
0.062197498977
0.000075697899

1336.401855468750
0.000000000000
0.064886800945
0.000075697899

1669.984863281250
0.000000000000
0.066957898438
0.000075697899

2003.567993164062
0.000000000000
0.070349298418
0.000075697899

2337.150878906250
0.000000000000
0.074310623109
0.000075697899

2670.733886718750
0.000000000000
0.082117907703
0.000075697899

3004.316894531250
0.000000000000
0.094959408045
0.000075697899

3337.899902343750
0.000000000000
0.115426532924
0.000075697899

3671.482910156250
0.000000000000
0.141971766949
0.000075697899

4005.066162109375
0.000000000000
0.177872747183
0.000075697899

4338.649414062500
0.000000000000
0.223662793636
0.000075697899

4672.232421875000
0.000000000000
0.274670153856
0.000075697899

5005.815429687500
0.000000002889
0.330762833357
0.000599563122

5339.398437500000
0.000000002889
0.393489807844
0.000599563122

5672.981445312500
0.000000008668
0.462540537119
0.001354932785

6006.564453125000
0.000000008668
0.526233375072
0.001354932785

6340.147460937500
0.000000013291
0.592969000340
0.001677811146

6673.730468750000
0.000000030686
0.656736612320
0.007990598679

7007.313476562500
0.000000079053
0.713108479977
0.029330670834

7340.896484375000
0.000000234121
0.760358929634
0.078589141369

7674.479492187500
0.000000692616
0.804864943027
0.172366201878

8008.062988281250
0.000002029208
0.843205630779
0.318255186081

8341.645507812500
0.000005702372
0.874838590622
0.507694840431

8675.228515625000
0.000015354493
0.900038719177
0.669425487518

9008.811523437500
0.000039343398
0.921570599079
0.803196907043

9342.394531250000
0.000094140094
0.939747333527
0.906288504601

9675.977539062500
0.000214861677
0.953314602375
0.959992647171

10009.560546875000
0.000468881830
0.962529718876
0.984247803688

10343.143554687500
0.000980333891
0.971212029457
0.993150174618

10676.726562500000
0.001975207124
0.976763248444
0.997384309769

11010.309570312500
0.003848565975
0.982275962830
0.998533129692

11343.892578125000
0.007272032090
0.987409532070
0.999350309372

11677.475585937500
0.013294351287
0.990627169609
0.999762415886

12011.058593750000
0.023549469188
0.992624461651
0.999899566174

12344.641601562500
0.040351774544
0.994657814503
0.999945223331

12678.224609375000
0.066832184792
0.996070027351
0.999975502491

13011.807617187500
0.106335483491
0.997142016888
0.999988198280

13345.390625000000
0.162172108889
0.997671008110
0.999993920326

13678.973632812500
0.236307859421
0.998157024384
0.999996244907

14012.556640625000
0.328254282475
0.998598992825
0.999997198582

14346.139648437500
0.434269249439
0.998951971531
0.999997854233

14679.722656250000
0.546919524670
0.999219000340
0.999998211861

15013.305664062500
0.657476365566
0.999597072601
0.999998807907

15346.888671875000
0.756986260414
0.999787986279
0.999999046326

15680.471679687500
0.839357793331
0.999863982201
0.999999165535

16014.055664062500
0.901259779930
0.999872982502
0.999999165535

16347.638671875000
0.943886160851
1.000000000000
0.999998867512

16681.222656250000
0.970620751381
1.000000000000
0.999998867512

17014.804687500000
0.985911965370
1.000000000000
0.999998867512

17348.388671875000
0.993813872337
1.000000000000
0.999998867512

17681.970703125000
0.997518837452
1.000000000000
0.999998867512

18015.554687500000
0.999094545841
1.000000000000
0.999998867512

18349.136718750000
0.999699771404
1.000000000000
0.999998867512

18682.720703125000
0.999909758568
1.000000000000
0.999998867512

19016.302734375000
0.999975979328
1.000000000000
0.999998867512

19349.886718750000
0.999993979931
1.000000000000
0.999998867512

19683.468750000000
0.999998986721
1.000000000000
0.999998867512

20017.052734375000
1.000000000000
1.000000000000
0.999998867512

20350.634765625000
1.000000000000
1.000000000000
0.999998867512

20684.218750000000
1.000000000000
1.000000000000
0.999998867512

21017.800781250000
1.000000000000
1.000000000000
0.999998867512

</roc>


</opencv_storage>
