<?xml version="1.0"?>
<opencv_storage>

<recognizer_impl_name>method9v30</recognizer_impl_name>



<part0>share/fda/fda0017.3500.enc</part0>
<part1>share/facerec/recognizers/method9v30/method9v30_1.bin</part1>
<part2>share/facerec/recognizers/method9v30/method9v30_2.bin</part2>
<part3>share/facerec/recognizers/method9v30/method9v30_3.bin</part3>

<use_mobile_gpu>1</use_mobile_gpu>
<use_cuda>0</use_cuda>
<gpu_index>0</gpu_index>

<roc>
0.400000005960
0.000000000000
0.000000000000
0.000000000000

259.193634033203
0.000000000000
0.000007667450
0.000000000000

517.987304687500
0.000000000000
0.000017767999
0.000000000000

776.780944824219
0.000000000000
0.000222257993
0.000000000000

1035.574584960938
0.000000000000
0.000338287995
0.000000000000

1294.368286132812
0.000000000000
0.003363460070
0.000000000000

1553.161865234375
0.000000000000
0.008140117861
0.000000000000

1811.955444335938
0.000000000000
0.013475799933
0.000000000000

2070.749023437500
0.000000000000
0.027370499447
0.000000000000

2329.542724609375
0.000000000000
0.044231500477
0.000000000000

2588.336425781250
0.000000000000
0.068941429257
0.000000000000

2847.129882812500
0.000000000000
0.100975327194
0.000000000000

3105.923583984375
0.000000000000
0.148357003927
0.000000000000

3364.717285156250
0.000000000000
0.203765004873
0.000000000000

3623.510742187500
0.000000000000
0.265192002058
0.000000000000

3882.304443359375
0.000000000000
0.343066245317
0.000000000000

4141.098144531250
0.000000000000
0.411243468523
0.001966714859

4399.891601562500
0.000000000000
0.485073000193
0.002429723740

4658.685546875000
0.000000000000
0.561486005783
0.003207564354

4917.479003906250
0.000000000000
0.628257989883
0.004463315010

5176.272949218750
0.000000000000
0.694518566132
0.007286965847

5435.066406250000
0.000000061374
0.753190159798
0.017222642899

5693.859863281250
0.000000092071
0.806029021740
0.015110313892

5952.653808593750
0.000000093330
0.842362999916
0.022624850273

6211.447265625000
0.000000268036
0.875573992729
0.176881492138

6470.240722656250
0.000000757249
0.903517663479
0.227728605270

6729.034667968750
0.000002493570
0.923852443695
0.475422680378

6987.828125000000
0.000006174880
0.940483987331
0.593973636627

7246.621582031250
0.000015917700
0.953581988811
0.736438393593

7505.415527343750
0.000042147502
0.966189026833
0.887192010880

7764.208984375000
0.000098775665
0.973492503166
0.952717840672

8023.002929687500
0.000237081083
0.979565024376
0.984033465385

8281.796875000000
0.000530503981
0.985296010971
0.993955492973

8540.590820312500
0.001161430031
0.988677024841
0.997254729271

8799.383789062500
0.002470520092
0.992058992386
0.998936235905

9058.177734375000
0.005116940010
0.993619024754
0.999694943428

9316.971679687500
0.010232717730
0.995292007923
0.999853253365

9575.764648437500
0.019723700359
0.996363997459
0.999962687492

9834.558593750000
0.036517001688
0.996708989143
0.999989032745

10093.352539062500
0.064471401274
0.997054994106
0.999992728233

10352.146484375000
0.107717633247
0.997393012047
0.999993979931

10610.939453125000
0.170170664787
0.998124003410
0.999996185303

10869.733398437500
0.253430992365
0.998196005821
0.999997794628

11128.527343750000
0.355787992477
0.998401999474
0.999999225140

11387.320312500000
0.470955997705
0.998603999615
0.999997615814

11646.114257812500
0.589294850826
0.999401986599
0.999994814396

11904.908203125000
0.700760841370
1.000000000000
0.999998867512

12163.701171875000
0.796261012554
1.000000000000
0.999998867512

12422.495117187500
0.871024012566
1.000000000000
0.999998867512

12681.289062500000
0.924329996109
1.000000000000
0.999998867512

12940.082031250000
0.958824932575
1.000000000000
0.999998867512

13198.875976562500
0.979353010654
1.000000000000
0.999998867512

13457.669921875000
0.990458011627
1.000000000000
0.999998867512

13716.462890625000
0.995931982994
1.000000000000
0.999998867512

13975.256835937500
0.998408973217
1.000000000000
0.999998867512

14234.050781250000
0.999425351620
1.000000000000
0.999998867512

14492.843750000000
0.999811112881
1.000000000000
0.999998867512

14751.637695312500
0.999943017960
1.000000000000
0.999998867512

15010.431640625000
0.999984979630
1.000000000000
0.999998867512

15269.225585937500
0.999996006489
1.000000000000
0.999998867512

15528.018554687500
0.999998986721
1.000000000000
0.999998867512

15786.812500000000
1.000000000000
1.000000000000
0.999998867512

16045.606445312500
1.000000000000
1.000000000000
0.999998867512

16304.399414062500
1.000000000000
1.000000000000
0.999998867512

</roc>


</opencv_storage>
