<?xml version="1.0"?>
<opencv_storage>

<recognizer_impl_name>method10v100</recognizer_impl_name>



<part0>share/fda/fda0017.3500.enc</part0>
<part1>share/facerec/recognizers/method10v100/method10v100_1.bin</part1>
<part2>share/facerec/recognizers/method10v100/method10v100_2.bin</part2>
<part3>share/facerec/recognizers/method10v100/method10v100_3.bin</part3>

<use_mobile_gpu>0</use_mobile_gpu>
<use_cuda>0</use_cuda>
<gpu_index>0</gpu_index>


<fit_score>1</fit_score>
<use_custom_score_formula>0</use_custom_score_formula>

<target_score>85</target_score>
<target_far>0.00000052</target_far>
<target_frr>0.1</target_frr>
<score_formula>(1-(log10(far)+8)/8)</score_formula>

<roc>
1.398120045662
0.000000000000
0.022798599675
0.000345289707

230.023529052734
0.000000000000
0.051726508886
0.000345289707

458.648956298828
0.000000000000
0.064876101911
0.000345289707

687.274353027344
0.000000000000
0.067541763186
0.000345289707

915.899780273438
0.000000000000
0.070659793913
0.000345289707

1144.525146484375
0.000000000000
0.078608386219
0.000345289707

1373.150512695312
0.000000000000
0.092694051564
0.000345289707

1601.776000976562
0.000000001734
0.117322318256
0.000494241714

1830.401367187500
0.000000001734
0.153484284878
0.000494241714

2059.026855468750
0.000000001734
0.200698599219
0.000494241714

2287.652343750000
0.000000001734
0.261036098003
0.000494241714

2516.277832031250
0.000000004045
0.327600300312
0.000350415707

2744.903076171875
0.000000004045
0.400147736073
0.000350415707

2973.528564453125
0.000000004045
0.477708458900
0.000350415707

3202.154052734375
0.000000005201
0.555967092514
0.000413596630

3430.779296875000
0.000000009824
0.628782629967
0.002943992615

3659.404785156250
0.000000023693
0.692429184914
0.006810605526

3888.030273437500
0.000000035251
0.748078048229
0.006249785423

4116.655273437500
0.000000047579
0.793965280056
0.006655573845

4345.280761718750
0.000000067702
0.832841157913
0.011490523815

4573.906250000000
0.000000149072
0.866752862930
0.054206550121

4802.531738281250
0.000000360492
0.893999755383
0.142774581909

5031.157226562500
0.000001001592
0.917090535164
0.305015683174

5259.782226562500
0.000002800414
0.934126496315
0.476972281933

5488.407714843750
0.000007841369
0.947537660599
0.686918735504

5717.033203125000
0.000020766578
0.957453429699
0.818984985352

5945.658691406250
0.000052525334
0.966947615147
0.909394085407

6174.284179687500
0.000122415586
0.974156498909
0.964957118034

6402.909667968750
0.000270920515
0.979544579983
0.986368715763

6631.534667968750
0.000578776875
0.983326911926
0.994133174419

6860.160156250000
0.001192900934
0.987399995327
0.997233986855

7088.785644531250
0.002372269286
0.990668833256
0.998951911926

7317.411132812500
0.004574641120
0.992334008217
0.999640166759

7546.036621093750
0.008568343706
0.993699014187
0.999848544598

7774.662109375000
0.015576321632
0.994798004627
0.999922752380

8003.287597656250
0.027491794899
0.995589017868
0.999955058098

8231.913085937500
0.046901524067
0.996904015541
0.999976694584

8460.539062500000
0.077087238431
0.997393012047
0.999989867210

8689.164062500000
0.121477976441
0.997784018517
0.999994218349

8917.789062500000
0.183000624180
0.998394012451
0.999995708466

9146.415039062500
0.262386322021
0.998763024807
0.999996483326

9375.040039062500
0.358332514763
0.999294817448
0.999998629093

9603.666015625000
0.465608566999
0.999396026134
0.999998509884

9832.291015625000
0.576135456562
0.999597012997
0.999999105930

10060.916992187500
0.682182252407
0.999749004841
0.999999284744

10289.541992187500
0.775473654270
0.999817013741
0.999999463558

10518.166992187500
0.851227581501
0.999880015850
0.999999463558

10746.792968750000
0.907857000828
0.999929010868
0.999999284744

10975.417968750000
0.946854293346
0.999969005585
0.999999403954

11204.043945312500
0.971496284008
0.999987006187
0.999999523163

11432.668945312500
0.985844671726
0.999987006187
0.999999523163

11661.294921875000
0.993506014347
1.000000000000
0.999998927116

11889.919921875000
0.997243523598
1.000000000000
0.999998927116

12118.544921875000
0.998918473721
1.000000000000
0.999998927116

12347.170898437500
0.999612271786
1.000000000000
0.999998927116

12575.795898437500
0.999872982502
1.000000000000
0.999998927116

12804.421875000000
0.999961972237
1.000000000000
0.999998927116

13033.046875000000
0.999989986420
1.000000000000
0.999998927116

13261.671875000000
0.999997973442
1.000000000000
0.999998927116

13490.297851562500
1.000000000000
1.000000000000
0.999998927116

13718.922851562500
1.000000000000
1.000000000000
0.999998927116

13947.548828125000
1.000000000000
1.000000000000
0.999998927116

14176.173828125000
1.000000000000
1.000000000000
0.999998927116

14404.799804687500
1.000000000000
1.000000000000
0.999998927116

</roc>



</opencv_storage>
