<?xml version="1.0"?>
<opencv_storage>

<recognizer_impl_name>method6v5</recognizer_impl_name>

<part0>share/facerec/recognizers/method6v5/method6v5_u.bin</part0>
<part1>share/facerec/recognizers/method6v5/method6v5_ll1024.bin</part1>
<part2>share/facerec/recognizers/method6v5/method6v5_ll32.bin</part2>

<roc>
0.000281099987
0.000000000000
0.000000000000
0.000222206116

0.044516481459
0.000000000000
0.000017759399
0.000222206116

0.088751867414
0.000000000000
0.000017780800
0.000222206116

0.132987245917
0.000000000000
0.000821242982
0.000222206116

0.177222624421
0.000000000000
0.001822032034
0.000222206116

0.221458002925
0.000000000000
0.005432370119
0.000222206116

0.265693396330
0.000000000000
0.013191756792
0.000222206116

0.309928774834
0.000000000000
0.018572155386
0.000222206116

0.354164153337
0.000000000000
0.031178189442
0.000222206116

0.398399531841
0.000000000000
0.049016799778
0.000222206116

0.442634910345
0.000000000000
0.075707197189
0.000222206116

0.486870288849
0.000000000000
0.109101280570
0.000222206116

0.531105697155
0.000000000000
0.149560764432
0.000222206116

0.575341045856
0.000000000000
0.197102591395
0.000222206116

0.619576454163
0.000000000000
0.241001740098
0.000222206116

0.663811802864
0.000000000000
0.289476662874
0.000222206116

0.708047211170
0.000000004092
0.349437832832
0.004564344883

0.752282619476
0.000000004092
0.409259200096
0.004564344883

0.796517968178
0.000000045323
0.470355421305
0.012226998806

0.840753376484
0.000000045323
0.535775959492
0.012226998806

0.884988725185
0.000000097567
0.590862393379
0.023474812508

0.929224133492
0.000000329571
0.642198979855
0.079458832741

0.973459482193
0.000000515235
0.696564972401
0.099291265011

1.017694830894
0.000001511440
0.744321703911
0.238559961319

1.061930298805
0.000003703278
0.788663923740
0.362891793251

1.106165647507
0.000008001216
0.825250506401
0.489280939102

1.150400996208
0.000015579611
0.859767556190
0.587562680244

1.194636464119
0.000031427047
0.885299623013
0.725548505783

1.238871812820
0.000060555209
0.905299663544
0.821136474609

1.283107161522
0.000117809068
0.921774566174
0.899599909782

1.327342510223
0.000225404263
0.937360703945
0.944514811039

1.371577978134
0.000418249867
0.951122224331
0.969806253910

1.415813326836
0.000761126168
0.961643993855
0.986591041088

1.460048675537
0.001379142166
0.969064772129
0.994793236256

1.504284143448
0.002482638927
0.974611997604
0.997446000576

1.548519492149
0.004430286586
0.979340136051
0.998697161674

1.592754840851
0.007815752178
0.984934389591
0.999339044094

1.636990189552
0.013701830059
0.988792002201
0.999722778797

1.681225657463
0.023869432509
0.991361021996
0.999863803387

1.725461006165
0.040991358459
0.993420004845
0.999935030937

1.769696354866
0.069035679102
0.994466602802
0.999968528748

1.813931822777
0.112995095551
0.996843874454
0.999981284142

1.858167171478
0.177797585726
0.997724354267
0.999992609024

1.902402520180
0.266442567110
0.998234987259
0.999996066093

1.946637868881
0.377437055111
0.998781025410
0.999998152256

1.990873336792
0.503445744514
0.998977005482
0.999997615814

2.035108566284
0.631462574005
0.999662995338
0.999997496605

2.079344034195
0.747617125511
0.999746978283
0.999997496605

2.123579502106
0.841335415840
0.999893009663
0.999999046326

2.167814731598
0.908689320087
0.999947011471
0.999999642372

2.212050199509
0.951832354069
0.999966979027
0.999999582767

2.256285667419
0.976661503315
0.999966979027
0.999999582767

2.300520896912
0.989567160606
1.000000000000
0.999999105930

2.344756364822
0.995682597160
1.000000000000
0.999999105930

2.388991832733
0.998347222805
1.000000000000
0.999999105930

2.433227062225
0.999408483505
1.000000000000
0.999999105930

2.477462530136
0.999806463718
1.000000000000
0.999999105930

2.521697998047
0.999943017960
1.000000000000
0.999999105930

2.565933227539
0.999983012676
1.000000000000
0.999999105930

2.610168695450
0.999996006489
1.000000000000
0.999999105930

2.654403924942
0.999998986721
1.000000000000
0.999999105930

2.698639392853
1.000000000000
1.000000000000
0.999999105930

2.742874860764
1.000000000000
1.000000000000
0.999999105930

2.787110090256
1.000000000000
1.000000000000
0.999999105930

</roc>

</opencv_storage>
