<?xml version="1.0"?>
<opencv_storage>

<recognizer_impl_name>method10v30</recognizer_impl_name>



<part0>share/fda/fda0017.3500.enc</part0>
<part1>share/facerec/recognizers/method10v30/method10v30_1.bin</part1>
<part2>share/facerec/recognizers/method10v30/method10v30_2.bin</part2>
<part3>share/facerec/recognizers/method10v30/method10v30_3.bin</part3>

<use_mobile_gpu>0</use_mobile_gpu>
<use_cuda>0</use_cuda>
<gpu_index>0</gpu_index>


<fit_score>1</fit_score>
<use_custom_score_formula>0</use_custom_score_formula>

<target_score>85</target_score>
<target_far>0.0000056</target_far>
<target_frr>0.1</target_frr>
<score_formula>(1-(log10(far)+8)/8)</score_formula>

<roc>
1.706400036812
0.000000000000
0.022798599675
0.000000000000

272.861846923828
0.000000000000
0.052708622068
0.000000000000

544.017333984375
0.000000000000
0.065422698855
0.000000000000

815.172790527344
0.000000000000
0.067311488092
0.000000000000

1086.328247070312
0.000000000000
0.070355102420
0.000000000000

1357.483764648438
0.000000000000
0.076071865857
0.000000000000

1628.639160156250
0.000000000000
0.087763845921
0.000000000000

1899.794555664062
0.000000000000
0.109708525240
0.000000000000

2170.949951171875
0.000000000000
0.136867552996
0.000000000000

2442.105468750000
0.000000000000
0.177726149559
0.000000000000

2713.260986328125
0.000000000000
0.229447931051
0.000056564808

2984.416259765625
0.000000000000
0.291003465652
0.000056564808

3255.571777343750
0.000000000000
0.356070280075
0.000057518482

3526.727294921875
0.000000000000
0.426120012999
0.000071108341

3797.882568359375
0.000000000000
0.499962568283
0.000093758106

4069.038085937500
0.000000000000
0.571291446686
0.000135958195

4340.193847656250
0.000000001734
0.635686397552
0.000749289989

4611.349121093750
0.000000004045
0.695998311043
0.038054704666

4882.504882812500
0.000000026869
0.748351573944
0.011747598648

5153.660156250000
0.000000089992
0.794388294220
0.037164747715

5424.815917968750
0.000000274325
0.831339299679
0.113926827908

5695.971191406250
0.000000947633
0.861665129662
0.257772088051

5967.126464843750
0.000002726839
0.886387705803
0.425354361534

6238.282226562500
0.000007665244
0.909570872784
0.597464025021

6509.437500000000
0.000020835854
0.928407490253
0.750094294548

6780.592773437500
0.000051855823
0.944671869278
0.866674065590

7051.748535156250
0.000122553232
0.955679595470
0.942331612110

7322.903808593750
0.000271956960
0.964873850346
0.976900875568

7594.059082031250
0.000582242967
0.972216963768
0.990115702152

7865.214843750000
0.001187007874
0.978382229805
0.995949983597

8136.370117187500
0.002323385561
0.982516944408
0.998228847980

8407.525390625000
0.004403784405
0.986778378487
0.999144434929

8678.680664062500
0.008071880788
0.989621996880
0.999639809132

8949.835937500000
0.014328591526
0.991697013378
0.999835014343

9220.991210937500
0.024683758616
0.993272185326
0.999916970730

9492.147460937500
0.041069671512
0.995059132576
0.999956965446

9763.302734375000
0.066040903330
0.996056020260
0.999977767467

10034.458007812500
0.102331548929
0.996837973595
0.999986469746

10305.613281250000
0.152252942324
0.997672975063
0.999992668629

10576.768554687500
0.217306062579
0.998076021671
0.999995410442

10847.924804687500
0.297509402037
0.998681008816
0.999997198582

11119.080078125000
0.390003949404
0.998883247375
0.999997973442

11390.235351562500
0.490171551704
0.999161005020
0.999997913837

11661.390625000000
0.592189490795
0.999505996704
0.999998271465

11932.545898437500
0.688596308231
0.999747991562
0.999998986721

12203.701171875000
0.774136602879
0.999796986580
0.999999105930

12474.857421875000
0.844981014729
0.999872982502
0.999998152256

12746.012695312500
0.899468600750
1.000000000000
0.999999463558

13017.167968750000
0.938688755035
1.000000000000
0.999999463558

13288.323242187500
0.964874446392
1.000000000000
0.999999463558

13559.478515625000
0.981126487255
1.000000000000
0.999999463558

13830.634765625000
0.990540444851
1.000000000000
0.999999463558

14101.790039062500
0.995574355125
1.000000000000
0.999999463558

14372.945312500000
0.998074829578
1.000000000000
0.999999463558

14644.100585937500
0.999226272106
1.000000000000
0.999999463558

14915.255859375000
0.999709606171
1.000000000000
0.999999463558

15186.411132812500
0.999899685383
1.000000000000
0.999999463558

15457.567382812500
0.999967992306
1.000000000000
0.999999463558

15728.722656250000
0.999990463257
1.000000000000
0.999999463558

15999.877929687500
0.999997019768
1.000000000000
0.999999463558

16271.033203125000
0.999998986721
1.000000000000
0.999999463558

16542.189453125000
1.000000000000
1.000000000000
0.999999463558

16813.345703125000
1.000000000000
1.000000000000
0.999999463558

17084.500000000000
1.000000000000
1.000000000000
0.999999463558

</roc>



</opencv_storage>
