<?xml version="1.0"?>
<opencv_storage>

<recognizer_impl_name>method6.2</recognizer_impl_name>


<parts_count>1</parts_count>

<part0>share/facerec/recognizers/method6/encoder6v2.bin</part0>

<roc>
0.000187099999
0.000000000000
0.000000000000
0.000520646572

0.029591429979
0.000000000000
0.000217925000
0.000520646572

0.058995757252
0.000000000000
0.005176732317
0.000520646572

0.088400088251
0.000000000000
0.017729429528
0.000520646572

0.117804415524
0.000000000000
0.041874282062
0.000520646572

0.147208750248
0.000000005602
0.092615649104
0.007125735283

0.176613077521
0.000000051328
0.154181674123
0.052447974682

0.206017404795
0.000000292713
0.235203087330
0.087884783745

0.235421732068
0.000001765235
0.330250591040
0.258966028690

0.264826059341
0.000008917347
0.429631054401
0.435059487820

0.294230401516
0.000033215601
0.519474983215
0.616271853447

0.323634713888
0.000101115882
0.626486122608
0.743387579918

0.353039056063
0.000271211291
0.707864582539
0.870865225792

0.382443368435
0.000637783261
0.771170914173
0.938467383385

0.411847710609
0.001386500080
0.829806327820
0.968015074730

0.441252022982
0.002780980198
0.878013074398
0.985559523106

0.470656365156
0.005197931081
0.910183072090
0.993615746498

0.500060737133
0.009139127098
0.941706955433
0.996983766556

0.529465019703
0.015243958682
0.958445429802
0.998642027378

0.558869361877
0.024235015735
0.971476376057
0.999358475208

0.588273704052
0.036949884146
0.980610191822
0.999698936939

0.617677986622
0.054182834923
0.986390650272
0.999844372272

0.647082328796
0.076686352491
0.991532325745
0.999925136566

0.676486670971
0.105103656650
0.994119584560
0.999955117702

0.705891013145
0.139844700694
0.996905028820
0.999971091747

0.735295355320
0.180861786008
0.997741997242
0.999988198280

0.764699637890
0.227758690715
0.998726129532
0.999994456768

0.794103980064
0.279974848032
0.998880982399
0.999993860722

0.823508322239
0.336507737637
0.999231994152
0.999994874001

0.852912664413
0.396049588919
0.999884009361
0.999997079372

0.882316946983
0.456995695829
0.999929010868
0.999999761581

0.911721289158
0.518155634403
0.999939978123
0.999999761581

0.941125631332
0.578055322170
0.999961018562
0.999999821186

0.970529973507
0.635541558266
0.999971985817
0.999999821186

0.999934315681
0.689594805241
0.999985992908
0.999999880791

1.029338717461
0.739569544792
0.999989986420
0.999999940395

1.058743000031
0.785044908524
0.999993026257
0.999999940395

1.088147282600
0.825656354427
1.000000000000
1.000000000000

1.117551684380
0.861252784729
1.000000000000
1.000000000000

1.146955966949
0.891811966896
1.000000000000
1.000000000000

1.176360368729
0.917454600334
1.000000000000
1.000000000000

1.205764651299
0.938469767570
1.000000000000
1.000000000000

1.235168933868
0.955318093300
1.000000000000
1.000000000000

1.264573335648
0.968392133713
1.000000000000
1.000000000000

1.293977618217
0.978250205517
1.000000000000
1.000000000000

1.323382019997
0.985439419746
1.000000000000
1.000000000000

1.352786302567
0.990527987480
1.000000000000
1.000000000000

1.382190585136
0.994021654129
1.000000000000
1.000000000000

1.411594986916
0.996351242065
1.000000000000
1.000000000000

1.440999269485
0.997848212719
1.000000000000
1.000000000000

1.470403671265
0.998769581318
1.000000000000
1.000000000000

1.499807953835
0.999324202538
1.000000000000
1.000000000000

1.529212236404
0.999638259411
1.000000000000
1.000000000000

1.558616638184
0.999811410904
1.000000000000
1.000000000000

1.588020920753
0.999903559685
1.000000000000
1.000000000000

1.617425203323
0.999953687191
1.000000000000
1.000000000000

1.646829605103
0.999978005886
1.000000000000
1.000000000000

1.676233887672
0.999989986420
1.000000000000
1.000000000000

1.705638289452
0.999994993210
1.000000000000
1.000000000000

1.735042572021
0.999997973442
1.000000000000
1.000000000000

1.764446854591
0.999998986721
1.000000000000
1.000000000000

1.793851256371
1.000000000000
1.000000000000
1.000000000000

1.823255538940
1.000000000000
1.000000000000
1.000000000000

1.852659940720
1.000000000000
1.000000000000
1.000000000000

</roc>


</opencv_storage>
