<?xml version="1.0"?>
<opencv_storage>

<recognizer_impl_name>method7v7</recognizer_impl_name>



<part0>share/fda/fda0017.3500.enc</part0>
<part1>share/facerec/recognizers/method7v7/method7v7_1.bin</part1>
<part2>share/facerec/recognizers/method7v7/method7v7_2.bin</part2>
<part3>share/facerec/recognizers/method7v7/method7v7_3.bin</part3>

<roc>
0.100000001490
0.000000000000
0.000000000000
0.000000000000

320.766662597656
0.000000000000
0.000007671720
0.000000000000

641.433288574219
0.000000000000
0.000017776500
0.000000000000

962.099975585938
0.000000000000
0.000325305009
0.000000000000

1282.766601562500
0.000000000000
0.001049240003
0.000000000000

1603.433227539062
0.000000000000
0.003049300052
0.000000000000

1924.099975585938
0.000000000000
0.006615759805
0.000000000000

2244.766601562500
0.000000000000
0.012704200111
0.000000000000

2565.433349609375
0.000000000000
0.027958400548
0.000000000000

2886.100097656250
0.000000000000
0.046824701130
0.000000000000

3206.766601562500
0.000000000000
0.071464702487
0.000000000000

3527.433349609375
0.000000000000
0.103734001517
0.000000000000

3848.100097656250
0.000000000000
0.158816993237
0.000000000000

4168.766601562500
0.000000000000
0.221175998449
0.000000000000

4489.433105468750
0.000000000000
0.284047991037
0.000000000000

4810.100097656250
0.000000000000
0.361099004745
0.000000000000

5130.766601562500
0.000000000000
0.441767007113
0.000000000000

5451.433105468750
0.000000000000
0.525918006897
0.000000000000

5772.100097656250
0.000000000000
0.603244006634
0.000000000000

6092.766601562500
0.000000000000
0.666647970676
0.000000000000

6413.433105468750
0.000000000000
0.739793002605
0.004521965981

6734.100097656250
0.000000000000
0.797388970852
0.006866574287

7054.766601562500
0.000000000000
0.840225994587
0.011162757874

7375.433105468750
0.000000061374
0.884846985340
0.043108582497

7696.100097656250
0.000000153436
0.914336979389
0.086542248726

8016.766601562500
0.000000215610
0.934911012650
0.089202046394

8337.432617187500
0.000000279564
0.948920011520
0.115160524845

8658.099609375000
0.000000754404
0.962616026402
0.331890642643

8978.765625000000
0.000001411570
0.971015989780
0.434582471848

9299.432617187500
0.000003515670
0.979413986206
0.613290309906

9620.099609375000
0.000010950700
0.985535025597
0.829011797905

9940.765625000000
0.000029982200
0.989161014557
0.943147182465

10261.432617187500
0.000075937001
0.992210984230
0.974515438080

10582.099609375000
0.000184621007
0.993889987469
0.992542982101

10902.765625000000
0.000437108014
0.994850993156
0.998377144337

11223.432617187500
0.001010869979
0.995882987976
0.999175906181

11544.099609375000
0.002305730013
0.997053027153
0.999700546265

11864.765625000000
0.005062470213
0.997263014317
0.999950826168

12185.432617187500
0.010721500032
0.998112022877
0.999908387661

12506.099609375000
0.021684100851
0.998971998692
0.999976456165

12826.765625000000
0.041438899934
0.998991012573
0.999999701977

13147.432617187500
0.074766896665
0.999194025993
0.999998390675

13468.099609375000
0.126468002796
0.999194025993
0.999998986721

13788.765625000000
0.199965998530
0.999203026295
0.999999403954

14109.432617187500
0.296119004488
0.999401986599
0.999998152256

14430.099609375000
0.410382002592
1.000000000000
0.999998331070

14750.765625000000
0.533407986164
1.000000000000
0.999999105930

15071.432617187500
0.654362976551
1.000000000000
0.999999403954

15392.099609375000
0.761839985847
1.000000000000
0.999999403954

15712.765625000000
0.847971022129
1.000000000000
1.000000000000

16033.432617187500
0.910690009594
1.000000000000
1.000000000000

16354.098632812500
0.951889991760
1.000000000000
1.000000000000

16674.765625000000
0.976203978062
1.000000000000
1.000000000000

16995.431640625000
0.989309012890
1.000000000000
1.000000000000

17316.099609375000
0.995630979538
1.000000000000
1.000000000000

17636.765625000000
0.998369991779
1.000000000000
1.000000000000

17957.431640625000
0.999454021454
1.000000000000
1.000000000000

18278.099609375000
0.999831974506
1.000000000000
1.000000000000

18598.765625000000
0.999953985214
1.000000000000
1.000000000000

18919.431640625000
0.999988019466
1.000000000000
1.000000000000

19240.099609375000
0.999997019768
1.000000000000
1.000000000000

19560.765625000000
0.999998986721
1.000000000000
1.000000000000

19881.431640625000
1.000000000000
1.000000000000
1.000000000000

20202.099609375000
1.000000000000
1.000000000000
1.000000000000

</roc>


</opencv_storage>
