<?xml version="1.0"?>
<opencv_storage>

<recognizer_impl_name>method12v100</recognizer_impl_name>



<part0>share/fda/fda0017.3500.enc</part0>
<part1>share/facerec/recognizers/method12v100/method12v100_1.enc</part1>
<part2>share/facerec/recognizers/method12v100/method12v100_2.enc</part2>
<part3>share/facerec/recognizers/method12v100/method12v100_3.enc</part3>

<use_mobile_gpu>0</use_mobile_gpu>
<use_cuda>0</use_cuda>
<gpu_index>0</gpu_index>


<roc>
1.501399993896
0.000000000000
0.017418799922
0.000000000000

244.561706542969
0.000000000000
0.033507116139
0.000131309032

487.622009277344
0.000000000000
0.060985203832
0.000530004501

730.682312011719
0.000000000000
0.082064718008
0.001203417778

973.742614746094
0.000000000000
0.093757130206
0.002158761024

1216.802856445312
0.000000000000
0.101988799870
0.003403365612

1459.863159179688
0.000000000000
0.109413594007
0.004944503307

1702.923461914062
0.000000000000
0.120605021715
0.006789505482

1945.983764648438
0.000000000000
0.138385817409
0.008945405483

2189.044189453125
0.000000000000
0.164929285645
0.011419713497

2432.104492187500
0.000000000000
0.202596530318
0.014201402664

2675.164794921875
0.000000000000
0.253068923950
0.017332017422

2918.225097656250
0.000000000000
0.312896907330
0.020802915096

3161.285400390625
0.000000000000
0.376666039228
0.024621129036

3404.345703125000
0.000000000000
0.446734845638
0.028793871403

3647.406005859375
0.000000000000
0.518703341484
0.033328711987

3890.466308593750
0.000000000000
0.587485074997
0.038232743740

4133.526855468750
0.000000000000
0.655203104019
0.043513000011

4376.586914062500
0.000000000000
0.713313877583
0.049177289009

4619.646972656250
0.000000000271
0.764876723289
0.055193722248

4862.707519531250
0.000000000271
0.809949457645
0.061644792557

5105.768066406250
0.000000005954
0.850490868092
0.068501353264

5348.828125000000
0.000000005954
0.883538722992
0.075770437717

5591.888183593750
0.000000006585
0.909515082836
0.083459913731

5834.948730468750
0.000000007219
0.929954588413
0.091576695442

6078.009277343750
0.000000013222
0.945685923100
0.100127696991

6321.069335937500
0.000000016875
0.959300637245
0.109120965004

6564.129394531250
0.000000042165
0.968597292900
0.118563413620

6807.189941406250
0.000000131232
0.976028978825
0.128399372101

7050.250488281250
0.000000333406
0.981732785702
0.138759076595

7293.310546875000
0.000000977553
0.984959423542
0.149589657784

7536.370605468750
0.000002814421
0.988352298737
0.174691259861

7779.431152343750
0.000008030610
0.990453779697
0.225800871849

8022.491699218750
0.000021691078
0.992152988911
0.296391963959

8265.551757812500
0.000056652174
0.993025243282
0.379912912846

8508.611328125000
0.000142567413
0.993871986866
0.469822645187

8751.671875000000
0.000355792086
0.994830608368
0.559569835663

8994.732421875000
0.000873466546
0.995258271694
0.642125189304

9237.791992187500
0.002130775712
0.995701014996
0.712005734444

9480.852539062500
0.005136261228
0.996074676514
0.762932658195

9723.913085937500
0.012078098953
0.996432602406
0.803895771503

9966.973632812500
0.027266144753
0.996739447117
0.839529275894

10210.034179687500
0.057663507760
0.997061014175
0.870175600052

10453.093750000000
0.112648822367
0.997440993786
0.898327469826

10696.154296875000
0.200034439564
0.997891128063
0.924972891808

10939.214843750000
0.321637988091
0.998296022415
0.944441378117

11182.274414062500
0.468216925859
0.998664021492
0.952620267868

11425.334960937500
0.621092498302
0.999026656151
0.958225727081

11668.395507812500
0.757073104382
0.999257683754
0.963439106941

11911.456054687500
0.861511230469
0.999487578869
0.968264520168

12154.516601562500
0.930149257183
0.999831020832
0.972712397575

12397.576171875000
0.968965291977
0.999963998795
0.976792573929

12640.636718750000
0.987893223763
0.999985992908
0.980510115623

12883.697265625000
0.995843112469
0.999993026257
0.983874917030

13126.756835937500
0.998749256134
0.999997019768
0.986895382404

13369.817382812500
0.999667525291
1.000000000000
0.989565253258

13612.877929687500
0.999921023846
1.000000000000
0.991923689842

13855.938476562500
0.999983727932
1.000000000000
0.993962526321

14098.999023437500
0.999997019768
1.000000000000
0.995690107346

14342.058593750000
1.000000000000
1.000000000000
0.997115194798

14585.119140625000
1.000000000000
1.000000000000
0.998244941235

14828.179687500000
1.000000000000
1.000000000000
0.999088227749

15071.239257812500
1.000000000000
1.000000000000
0.999653458595

15314.299804687500
1.000000000000
1.000000000000
0.999947845936

</roc>


</opencv_storage>
