<?xml version="1.0"?>
<opencv_storage>

<recognizer_impl_name>method9v300</recognizer_impl_name>



<part0>share/fda/fda0017.3500.enc</part0>
<part1>share/facerec/recognizers/method9v300/method9v300_1.bin</part1>
<part2>share/facerec/recognizers/method9v300/method9v300_2.bin</part2>
<part3>share/facerec/recognizers/method9v300/method9v300_3.bin</part3>

<use_mobile_gpu>1</use_mobile_gpu>
<use_cuda>0</use_cuda>
<gpu_index>0</gpu_index>

<roc>
0.400000005960
0.000000000000
0.000000000000
0.000000000000

205.828567504883
0.000000000000
0.000007667450
0.000000000000

411.257141113281
0.000000000000
0.000218229005
0.000000000000

616.685729980469
0.000000000000
0.000925498025
0.000000000000

822.114318847656
0.000000000000
0.003779688850
0.000000000000

1027.542846679688
0.000000000000
0.005834720097
0.000000000000

1232.971435546875
0.000000000000
0.013990971260
0.000000000000

1438.400024414062
0.000000000000
0.038125898689
0.000000000000

1643.828613281250
0.000000000000
0.065846897662
0.000000000000

1849.257202148438
0.000000000000
0.107652999461
0.000000000000

2054.685546875000
0.000000000000
0.172390997410
0.000000000000

2260.114257812500
0.000000000000
0.248347282410
0.000000000000

2465.542724609375
0.000000000000
0.328016996384
0.000000000000

2670.971435546875
0.000000000000
0.416037857533
0.000000000000

2876.399902343750
0.000000000000
0.499904990196
0.000000000000

3081.828613281250
0.000000000000
0.585901021957
0.000000000000

3287.257080078125
0.000000000000
0.667325973511
0.000000000000

3492.685546875000
0.000000000000
0.735089004040
0.000000000000

3698.114257812500
0.000000000000
0.792149722576
0.005773544312

3903.542724609375
0.000000000000
0.843089997768
0.009406089783

4108.971191406250
0.000000000000
0.876333355904
0.015860497952

4314.399902343750
0.000000122887
0.907127976418
0.035651862621

4519.828613281250
0.000000153644
0.935268998146
0.045003771782

4725.257324218750
0.000000257377
0.950671017170
0.088571012020

4930.685546875000
0.000000329947
0.962639987469
0.139541208744

5136.114257812500
0.000000447105
0.973917305470
0.201692223549

5341.542968750000
0.000001137490
0.981926977634
0.460744500160

5546.971191406250
0.000002919873
0.987041890621
0.640022754669

5752.399902343750
0.000006910460
0.989859998226
0.855634093285

5957.828613281250
0.000016914801
0.992460012436
0.917430281639

6163.257324218750
0.000039117200
0.993661999702
0.970471680164

6368.685546875000
0.000090497902
0.995131015778
0.989300072193

6574.114257812500
0.000201930001
0.996140003204
0.996871769428

6779.542968750000
0.000445960002
0.997081995010
0.998713672161

6984.971191406250
0.000968743698
0.997305989265
0.999780774117

7190.399902343750
0.002063720021
0.997582018375
0.999883770943

7395.828613281250
0.004302239977
0.997738003731
0.999977469444

7601.257324218750
0.008813629858
0.997776985168
0.999996781349

7806.685546875000
0.017510900274
0.997798979282
0.999979197979

8012.114257812500
0.033350300044
0.998396992683
0.999989211559

8217.542968750000
0.060420401394
0.998596012592
0.999997973442

8422.971679687500
0.103517465293
0.998605012894
0.999990880489

8628.400390625000
0.166862994432
0.999800980091
0.999996721745

8833.829101562500
0.251940995455
0.999800980091
0.999996840954

9039.257812500000
0.357427000999
1.000000000000
0.999999523163

9244.686523437500
0.475630998611
1.000000000000
0.999999701977

9450.115234375000
0.597034513950
1.000000000000
1.000000000000

9655.542968750000
0.710385024548
1.000000000000
1.000000000000

9860.971679687500
0.806384146214
1.000000000000
1.000000000000

10066.400390625000
0.880123019218
1.000000000000
1.000000000000

10271.829101562500
0.931384980679
1.000000000000
1.000000000000

10477.257812500000
0.964000999928
1.000000000000
1.000000000000

10682.686523437500
0.982571005821
1.000000000000
1.000000000000

10888.115234375000
0.992271244526
1.000000000000
1.000000000000

11093.542968750000
0.996881008148
1.000000000000
1.000000000000

11298.971679687500
0.998842537403
1.000000000000
1.000000000000

11504.400390625000
0.999603986740
1.000000000000
1.000000000000

11709.829101562500
0.999876022339
1.000000000000
1.000000000000

11915.257812500000
0.999963998795
1.000000000000
1.000000000000

12120.686523437500
0.999990999699
1.000000000000
1.000000000000

12326.115234375000
0.999997973442
1.000000000000
1.000000000000

12531.542968750000
0.999998986721
1.000000000000
1.000000000000

12736.971679687500
1.000000000000
1.000000000000
1.000000000000

12942.400390625000
1.000000000000
1.000000000000
1.000000000000

</roc>


</opencv_storage>
