<?xml version="1.0"?>
<opencv_storage>

<recognizer_impl_name>method10v1000</recognizer_impl_name>



<part0>share/fda/fda0017.3500.enc</part0>
<part1>share/facerec/recognizers/method10v1000/method10v1000_1.bin</part1>
<part2>share/facerec/recognizers/method10v1000/method10v1000_2.bin</part2>
<part3>share/facerec/recognizers/method10v1000/method10v1000_3.bin</part3>

<use_mobile_gpu>0</use_mobile_gpu>
<use_cuda>0</use_cuda>
<gpu_index>0</gpu_index>

<roc>
1.412099957466
0.000000000000
0.000000000000
0.000000000000

236.403976440430
0.000000000000
0.000007671720
0.000000000000

471.395874023438
0.000000000000
0.000018682300
0.000000000000

706.387756347656
0.000000000000
0.002450340195
0.000000000000

941.379638671875
0.000000000000
0.005811010022
0.000000000000

1176.371582031250
0.000000000000
0.017620095983
0.000000000000

1411.363403320312
0.000000000000
0.039234671742
0.000000000000

1646.355224609375
0.000000000000
0.092936769128
0.000000000000

1881.347167968750
0.000000000000
0.152513355017
0.000000000000

2116.339111328125
0.000000000000
0.240959540009
0.000000000000

2351.331054687500
0.000000000000
0.344106793404
0.000000000000

2586.322753906250
0.000000000000
0.462990283966
0.000000000000

2821.314697265625
0.000000000000
0.569254815578
0.000000000000

3056.306640625000
0.000000000000
0.667042613029
0.000004053116

3291.298339843750
0.000000000000
0.754300475121
0.000006675720

3526.290283203125
0.000000000000
0.819220364094
0.000013411045

3761.282226562500
0.000000000069
0.869026660919
0.000037848949

3996.274169921875
0.000000000278
0.910388588905
0.046774983406

4231.266113281250
0.000000062485
0.939574658871
0.050430595875

4466.257812500000
0.000000125387
0.957021832466
0.032744169235

4701.250000000000
0.000000127400
0.970757782459
0.007506728172

4936.241699218750
0.000000131821
0.979528009892
0.088063776493

5171.233398437500
0.000000137890
0.986545026302
0.143992483616

5406.225585937500
0.000000193357
0.989481031895
0.202207803726

5641.217285156250
0.000000296019
0.991729974747
0.363344311714

5876.208984375000
0.000000607894
0.993826985359
0.534347951412

6111.201171875000
0.000001625179
0.994763970375
0.802037596703

6346.192871093750
0.000004096701
0.995537996292
0.923103749752

6581.184570312500
0.000011478932
0.996573984623
0.956015050411

6816.176757812500
0.000029256997
0.996720016003
0.996622025967

7051.168457031250
0.000075840835
0.996794998646
0.997882664204

7286.160644531250
0.000197349989
0.997030973434
0.999836325645

7521.152343750000
0.000484037853
0.997664988041
0.999115347862

7756.144042968750
0.001165829832
0.997786998749
0.999938309193

7991.136230468750
0.002728926716
0.997798979282
0.999998092651

8226.127929687500
0.006118575577
0.997798979282
1.000000000000

8461.120117187500
0.013178949244
0.997807979584
0.999999582767

8696.111328125000
0.026799732819
0.998008012772
0.999995589256

8931.103515625000
0.051169682294
0.998008012772
0.999993145466

9166.095703125000
0.091779053211
0.998605012894
0.999996185303

9401.087890625000
0.153116852045
0.998605012894
0.999999225140

9636.079101562500
0.237871408463
0.998804986477
0.999998033047

9871.071289062500
0.344517767429
0.999401986599
0.999995589256

10106.063476562500
0.466108977795
1.000000000000
0.999998569489

10341.054687500000
0.591867446899
1.000000000000
0.999999225140

10576.046875000000
0.708645105362
1.000000000000
0.999999344349

10811.039062500000
0.807467699051
1.000000000000
0.999999344349

11046.030273437500
0.882524847984
1.000000000000
0.999999344349

11281.022460937500
0.934190332890
1.000000000000
1.000000000000

11516.014648437500
0.966128468513
1.000000000000
1.000000000000

11751.005859375000
0.984087944031
1.000000000000
1.000000000000

11985.998046875000
0.993184924126
1.000000000000
1.000000000000

12220.990234375000
0.997336387634
1.000000000000
1.000000000000

12455.981445312500
0.999056637287
1.000000000000
1.000000000000

12690.973632812500
0.999689936638
1.000000000000
1.000000000000

12925.965820312500
0.999907672405
1.000000000000
1.000000000000

13160.957031250000
0.999975025654
1.000000000000
1.000000000000

13395.949218750000
0.999993026257
1.000000000000
1.000000000000

13630.941406250000
0.999997973442
1.000000000000
1.000000000000

13865.933593750000
1.000000000000
1.000000000000
1.000000000000

14100.924804687500
1.000000000000
1.000000000000
1.000000000000

14335.916992187500
1.000000000000
1.000000000000
1.000000000000

14570.909179687500
1.000000000000
1.000000000000
1.000000000000

14805.900390625000
1.000000000000
1.000000000000
1.000000000000

</roc>


</opencv_storage>
