<?xml version="1.0"?>
<opencv_storage>

<recognizer_impl_name>method6v7</recognizer_impl_name>



<part0>share/fda/fda0017.3500.enc</part0>
<part1>share/facerec/recognizers/method6v7/method6v7_1.bin</part1>
<part2>share/facerec/recognizers/method6v7/method6v7_2.bin</part2>
<part3>share/facerec/recognizers/method6v7/method6v7_3.bin</part3>

<roc>
1.750599980354
0.000000000000
0.022798599675
0.000359296799

280.595855712891
0.000000000000
0.039054486901
0.000359296799

559.441101074219
0.000000000000
0.058264885098
0.000359296799

838.286376953125
0.000000000000
0.064875312150
0.000359296799

1117.131591796875
0.000000000000
0.066800400615
0.000359296799

1395.976806640625
0.000000000000
0.069684252143
0.000359296799

1674.822143554688
0.000000000000
0.073819659650
0.000359296799

1953.667358398438
0.000000000000
0.082026496530
0.000359296799

2232.512451171875
0.000000000000
0.097078673542
0.000359296799

2511.357666015625
0.000000000000
0.118831776083
0.000359296799

2790.202880859375
0.000000000000
0.149007529020
0.000359296799

3069.048095703125
0.000000000000
0.188143342733
0.000359296799

3347.893554687500
0.000000005201
0.235093891621
0.000590324402

3626.738769531250
0.000000005201
0.289956003428
0.000590324402

3905.583984375000
0.000000005201
0.352383315563
0.000590324402

4184.429199218750
0.000000005201
0.422465294600
0.000590324402

4463.274414062500
0.000000007512
0.490909039974
0.000372052193

4742.119628906250
0.000000011558
0.559441983700
0.000770151615

5020.964843750000
0.000000012713
0.625988662243
0.000811696053

5299.810058593750
0.000000012713
0.686984896660
0.000754117966

5578.655273437500
0.000000016016
0.740097761154
0.001291573048

5857.500488281250
0.000000021398
0.788046240807
0.004520356655

6136.345703125000
0.000000077959
0.826467216015
0.041593313217

6415.190917968750
0.000000182155
0.860734641552
0.077316641808

6694.036621093750
0.000000509704
0.890078723431
0.175247550011

6972.881835937500
0.000001397867
0.911997258663
0.348958671093

7251.727050781250
0.000003693115
0.929946005344
0.506155550480

7530.572265625000
0.000009747429
0.944939076900
0.684875190258

7809.417480468750
0.000025192969
0.956956624985
0.826127588749

8088.262695312500
0.000061332794
0.966489791870
0.911716938019

8367.108398437500
0.000143225305
0.975453972816
0.962442517281

8645.953125000000
0.000320980820
0.981392681599
0.987623691559

8924.798828125000
0.000692580652
0.984923779964
0.995957911015

9203.644531250000
0.001445204136
0.988271892071
0.998020172119

9482.489257812500
0.002919277642
0.990899264812
0.999236047268

9761.334960937500
0.005717384629
0.992973983288
0.999672830105

10040.179687500000
0.010869163089
0.994337916374
0.999885022640

10319.025390625000
0.020069926977
0.995008707047
0.999945938587

10597.870117187500
0.035831741989
0.996349036694
0.999965131283

10876.715820312500
0.061481382698
0.997242152691
0.999981820583

11155.560546875000
0.100956983864
0.998125970364
0.999990642071

11434.406250000000
0.158233776689
0.998658001423
0.999996125698

11713.250976562500
0.235113039613
0.998969018459
0.999997794628

11992.096679687500
0.331061214209
0.999198973179
0.999998211861

12270.941406250000
0.441673249006
0.999502003193
0.999998748302

12549.787109375000
0.558711051941
0.999677002430
0.999999284744

12828.631835937500
0.671832442284
0.999760985374
0.999999225140

13107.477539062500
0.771873593330
0.999786019325
0.999999344349

13386.323242187500
0.852631390095
0.999961972237
0.999999105930

13665.167968750000
0.911955714226
0.999975025654
0.999999582767

13944.013671875000
0.951480090618
1.000000000000
0.999999880791

14222.858398437500
0.975437164307
1.000000000000
0.999999880791

14501.704101562500
0.988631784916
1.000000000000
0.999999880791

14780.548828125000
0.995180308819
1.000000000000
0.999999880791

15059.394531250000
0.998138308525
1.000000000000
0.999999880791

15338.239257812500
0.999344050884
1.000000000000
0.999999880791

15617.084960937500
0.999792993069
1.000000000000
0.999999880791

15895.929687500000
0.999940991402
1.000000000000
0.999999880791

16174.775390625000
0.999984025955
1.000000000000
0.999999880791

16453.619140625000
0.999996006489
1.000000000000
0.999999880791

16732.464843750000
0.999998986721
1.000000000000
0.999999880791

17011.310546875000
1.000000000000
1.000000000000
0.999999880791

17290.154296875000
1.000000000000
1.000000000000
0.999999880791

17569.000000000000
1.000000000000
1.000000000000
0.999999880791

</roc>

</opencv_storage>
