<?xml version="1.0"?>
<opencv_storage>

<recognizer_impl_name>method12v30</recognizer_impl_name>



<part0>share/fda/fda0017.3500.enc</part0>
<part1>share/facerec/recognizers/method12v30/method12v30_1.enc</part1>
<part2>share/facerec/recognizers/method12v30/method12v30_2.enc</part2>
<part3>share/facerec/recognizers/method12v30/method12v30_3.enc</part3>

<use_mobile_gpu>0</use_mobile_gpu>
<use_cuda>0</use_cuda>
<gpu_index>0</gpu_index>


<roc>
1.454609990120
0.000000000000
0.017441600561
0.000000000000

233.983886718750
0.000000000000
0.034731831402
0.000165343285

466.513183593750
0.000000000000
0.061363257468
0.000665903091

699.042419433594
0.000000000000
0.079908177257
0.001508235931

931.571716308594
0.000000000000
0.091834597290
0.002699077129

1164.100952148438
0.000000000000
0.099959731102
0.004245162010

1396.630249023438
0.000000000000
0.106937728822
0.006152927876

1629.159545898438
0.000000000000
0.117078967392
0.008413910866

1861.688842773438
0.000000000000
0.129966393113
0.011062920094

2094.218017578125
0.000000000000
0.152193710208
0.014093875885

2326.747314453125
0.000000000000
0.183955118060
0.017513215542

2559.276611328125
0.000000000000
0.227090254426
0.021327674389

2791.805908203125
0.000000000000
0.274678319693
0.025543749332

3024.335205078125
0.000000000000
0.335532814264
0.030168414116

3256.864501953125
0.000000000000
0.401104509830
0.035175323486

3489.393798828125
0.000000000000
0.469347745180
0.040634214878

3721.923095703125
0.000000000000
0.539557754993
0.046521484852

3954.452392578125
0.000000000000
0.606598377228
0.052843809128

4186.981445312500
0.000000000000
0.668989241123
0.059607565403

4419.510742187500
0.000000000000
0.726736187935
0.066820025444

4652.040039062500
0.000000000000
0.778130352497
0.074487507343

4884.569335937500
0.000000005683
0.822228789330
0.082564234734

5117.098632812500
0.000000005954
0.858703315258
0.091158866882

5349.627929687500
0.000000019214
0.888369739056
0.100228488445

5582.157226562500
0.000000025012
0.913981914520
0.109779357910

5814.686523437500
0.000000051499
0.932585477829
0.119818985462

6047.215820312500
0.000000151062
0.947814583778
0.130353569984

6279.745117187500
0.000000456984
0.960171461105
0.141389846802

6512.274414062500
0.000001317339
0.969392955303
0.153682529926

6744.803710937500
0.000003918816
0.976145982742
0.184902191162

6977.333007812500
0.000011120127
0.981197476387
0.237912178040

7209.862304687500
0.000029521960
0.985003829002
0.307214736938

7442.391601562500
0.000075722710
0.988204240799
0.387305736542

7674.920898437500
0.000186473815
0.990637004375
0.472682714462

7907.450195312500
0.000445413374
0.992223978043
0.557839691639

8139.979492187500
0.001045814599
0.993476986885
0.636815965176

8372.508789062500
0.002414456103
0.994568228722
0.705121517181

8605.038085937500
0.005510339513
0.995281815529
0.756952345371

8837.567382812500
0.012273469009
0.995869994164
0.798812687397

9070.096679687500
0.026309059933
0.996186971664
0.835678696632

9302.625976562500
0.053454589099
0.996513009071
0.866958141327

9535.155273437500
0.100936435163
0.997331976891
0.893956542015

9767.684570312500
0.176118835807
0.997735977173
0.919460594654

10000.213867187500
0.281790584326
0.998207867146
0.939804971218

10232.743164062500
0.412880748510
0.998582720757
0.950479686260

10465.272460937500
0.555692672729
0.999148130417
0.955793380737

10697.801757812500
0.692785859108
0.999421000481
0.960765480995

10930.331054687500
0.807312667370
0.999659001827
0.965405046940

11162.860351562500
0.891432940960
0.999812006950
0.969720721245

11395.389648437500
0.945306301117
0.999888002872
0.973692476749

11627.918945312500
0.975461542606
0.999972999096
0.977377057076

11860.448242187500
0.990194320679
0.999980986118
0.980756282806

12092.977539062500
0.996531903744
0.999997973442
0.983838140965

12325.506835937500
0.998909831047
0.999997973442
0.986626803875

12558.036132812500
0.999698162079
1.000000000000
0.989130496979

12790.565429687500
0.999926090240
1.000000000000
0.991356849670

13023.094726562500
0.999984025955
1.000000000000
0.993299782276

13255.624023437500
0.999997019768
1.000000000000
0.994990646839

13488.153320312500
0.999999701977
1.000000000000
0.996423542500

13720.682617187500
1.000000000000
1.000000000000
0.997605860233

13953.211914062500
1.000000000000
1.000000000000
0.998543262482

14185.741210937500
1.000000000000
1.000000000000
0.999243140221

14418.270507812500
1.000000000000
1.000000000000
0.999712407589

14650.799804687500
1.000000000000
1.000000000000
0.999956727028

</roc>

</opencv_storage>
