<?xml version="1.0"?>
<opencv_storage>

<recognizer_impl_name>method7v7</recognizer_impl_name>



<part0>share/fda/fda0017.3500.enc</part0>
<part1>share/facerec/recognizers/method7v7/method7v7_1.bin</part1>
<part2>share/facerec/recognizers/method7v7/method7v7_2.bin</part2>
<part3>share/facerec/recognizers/method7v7/method7v7_3.bin</part3>

<roc>
2.020200014114
0.000000000000
0.022798599675
0.000153481960

329.227813720703
0.000000000000
0.044333606958
0.000153481960

656.435424804688
0.000000000000
0.060983356088
0.000153481960

983.643005371094
0.000000000000
0.065645068884
0.000153481960

1310.850585937500
0.000000000000
0.067296199501
0.000153481960

1638.058227539062
0.000000000000
0.070302553475
0.000153481960

1965.265747070312
0.000000000000
0.076039224863
0.000153481960

2292.473632812500
0.000000000000
0.086276084185
0.000153481960

2619.681152343750
0.000000000000
0.103268183768
0.000153481960

2946.888671875000
0.000000000000
0.126364618540
0.000153481960

3274.096435546875
0.000000000000
0.160207241774
0.000153481960

3601.303955078125
0.000000000000
0.202502250671
0.000153481960

3928.511474609375
0.000000000000
0.255833595991
0.000153481960

4255.718750000000
0.000000002312
0.313725292683
0.000493466854

4582.926757812500
0.000000002312
0.380802154541
0.000493466854

4910.134277343750
0.000000002312
0.445520132780
0.000493466854

5237.341796875000
0.000000004623
0.517084419727
0.000679969788

5564.549316406250
0.000000008090
0.584998786449
0.000723123550

5891.756835937500
0.000000010980
0.648132383823
0.000633478165

6218.964843750000
0.000000010980
0.708069562912
0.000635385513

6546.172363281250
0.000000012631
0.761796593666
0.001043856144

6873.379882812500
0.000000014827
0.803701758385
0.003308653831

7200.587402343750
0.000000033753
0.838576018810
0.014474868774

7527.794921875000
0.000000051018
0.872446477413
0.021706581116

7855.002441406250
0.000000168918
0.899490833282
0.095621228218

8182.210449218750
0.000000459327
0.919641137123
0.193558156490

8509.417968750000
0.000001304450
0.938609480858
0.377943575382

8836.625976562500
0.000003567047
0.951413631439
0.577882528305

9163.833984375000
0.000009540345
0.960719704628
0.729527711868

9491.041015625000
0.000024200042
0.969805419445
0.859561979771

9818.249023437500
0.000059901668
0.976632535458
0.937570393085

10145.456054687500
0.000139845899
0.981060028076
0.976879060268

10472.664062500000
0.000318580511
0.985725998878
0.989667773247

10799.872070312500
0.000701644400
0.989484906197
0.996021151543

11127.079101562500
0.001498671016
0.991922616959
0.998900175095

11454.287109375000
0.003124866867
0.993378877640
0.999594509602

11781.494140625000
0.006351035088
0.994494974613
0.999841868877

12108.702148437500
0.012574984692
0.995455980301
0.999905705452

12435.910156250000
0.024049678817
0.996701002121
0.999957978725

12763.117187500000
0.044209543616
0.997264981270
0.999983251095

13090.325195312500
0.077508620918
0.997882008553
0.999993503094

13417.532226562500
0.128960803151
0.998174011707
0.999996423721

13744.740234375000
0.201947346330
0.998636007309
0.999997317791

14071.948242187500
0.297258257866
0.998863995075
0.999998152256

14399.155273437500
0.411276727915
0.999285101891
0.999998152256

14726.363281250000
0.534546315670
0.999557971954
0.999998688698

15053.570312500000
0.655665338039
0.999751985073
0.999998986721

15380.778320312500
0.763350069523
0.999944984913
0.999998688698

15707.985351562500
0.850025475025
1.000000000000
0.999999880791

16035.193359375000
0.912558376789
1.000000000000
0.999999880791

16362.401367187500
0.953317761421
1.000000000000
0.999999880791

16689.607421875000
0.977271854877
1.000000000000
0.999999880791

17016.814453125000
0.989947378635
1.000000000000
0.999999880791

17344.023437500000
0.995956122875
1.000000000000
0.999999880791

17671.230468750000
0.998522400856
1.000000000000
0.999999880791

17998.437500000000
0.999510884285
1.000000000000
0.999999880791

18325.646484375000
0.999853253365
1.000000000000
0.999999880791

18652.853515625000
0.999961197376
1.000000000000
0.999999880791

18980.060546875000
0.999990105629
1.000000000000
0.999999880791

19307.269531250000
0.999997973442
1.000000000000
0.999999880791

19634.476562500000
1.000000000000
1.000000000000
0.999999880791

19961.683593750000
1.000000000000
1.000000000000
0.999999880791

20288.890625000000
1.000000000000
1.000000000000
0.999999880791

20616.099609375000
1.000000000000
1.000000000000
0.999999880791

</roc>


</opencv_storage>
