<?xml version="1.0"?>
<opencv_storage>

<recognizer_impl_name>method11v1000</recognizer_impl_name>



<part0>share/fda/fda0017.3500.enc</part0>
<part1>share/facerec/recognizers/method11v1000/method11v1000_1.bin</part1>
<part2>share/facerec/recognizers/method11v1000/method11v1000_2.bin</part2>
<part3>share/facerec/recognizers/method11v1000/method11v1000_3.bin</part3>

<use_mobile_gpu>0</use_mobile_gpu>
<use_cuda>0</use_cuda>
<gpu_index>0</gpu_index>

<roc>
1.480450034142
0.000000000000
0.000000000000
0.000000000000

344.450592041016
0.000000000000
0.000007675980
0.000000000000

687.420776367188
0.000000000000
0.000217916997
0.000000000000

1030.390869140625
0.000000000000
0.000838886015
0.000000000000

1373.361083984375
0.000000000000
0.003480700077
0.000000000000

1716.331298828125
0.000000000000
0.006617649924
0.000000000000

2059.301269531250
0.000000000000
0.018089724705
0.000000000000

2402.271484375000
0.000000000000
0.036145217717
0.000000000000

2745.241699218750
0.000000000000
0.058335378766
0.000000000000

3088.211914062500
0.000000000000
0.109828628600
0.000000000000

3431.182128906250
0.000000000000
0.166505470872
0.000000000000

3774.152099609375
0.000000000000
0.238745838404
0.000000000000

4117.122070312500
0.000000000000
0.334656953812
0.000000000000

4460.092285156250
0.000000000000
0.437083989382
0.000000000000

4803.062500000000
0.000000000000
0.534412562847
0.000000000000

5146.032714843750
0.000000000000
0.618838489056
0.000000000000

5489.002929687500
0.000000000000
0.703054606915
0.000000000000

5831.973144531250
0.000000000000
0.774525523186
0.000000000000

6174.943359375000
0.000000000000
0.837516248226
0.000000000000

6517.913574218750
0.000000000000
0.884849190712
0.000000000000

6860.883789062500
0.000000000000
0.918920874596
0.015818297863

7203.853515625000
0.000000000000
0.945732533932
0.035037875175

7546.823730468750
0.000000061374
0.962435007095
0.030757248402

7889.793945312500
0.000000061374
0.971608698368
0.000089287758

8232.763671875000
0.000000061374
0.978452026844
0.000128448009

8575.734375000000
0.000000061513
0.987457990646
0.082672476768

8918.704101562500
0.000000061820
0.991142988205
0.138086676598

9261.674804687500
0.000000124104
0.992545008659
0.319601356983

9604.644531250000
0.000000156037
0.993553996086
0.334187626839

9947.615234375000
0.000000173194
0.994887948036
0.338627874851

10290.584960937500
0.000000243140
0.995175004005
0.403378546238

10633.555664062500
0.000000539673
0.995536029339
0.805345714092

10976.525390625000
0.000001369340
0.995696008205
0.940939486027

11319.495117187500
0.000003199069
0.996029973030
0.948383092880

11662.465820312500
0.000008454653
0.996061980724
0.996323168278

12005.435546875000
0.000023146884
0.996730029583
0.984108626842

12348.406250000000
0.000058802270
0.996747970581
0.993628799915

12691.375976562500
0.000155170099
0.997582018375
0.999174118042

13034.346679687500
0.000416770781
0.997789978981
0.999708175659

13377.316406250000
0.001108671189
0.997807979584
0.999990463257

13720.287109375000
0.002914710669
0.997807979584
1.000000000000

14063.256835937500
0.007430183236
0.998008012772
0.999984204769

14406.226562500000
0.017930468544
0.998008012772
1.000000000000

14749.197265625000
0.040201518685
0.998008012772
1.000000000000

15092.166992187500
0.082435823977
0.998605012894
0.999995768070

15435.137695312500
0.153116330504
0.998605012894
0.999999225140

15778.107421875000
0.257167875767
0.998804986477
0.999998152256

16121.078125000000
0.390404105186
0.999401986599
0.999998450279

16464.046875000000
0.538690507412
0.999401986599
0.999999225140

16807.017578125000
0.682155907154
0.999401986599
0.999998450279

17149.988281250000
0.802558541298
0.999401986599
0.999999165535

17492.958984375000
0.890316903591
1.000000000000
0.999998092651

17835.927734375000
0.945577144623
1.000000000000
0.999998092651

18178.898437500000
0.976003527641
1.000000000000
0.999998092651

18521.869140625000
0.990629911423
1.000000000000
0.999998092651

18864.839843750000
0.996748864651
1.000000000000
0.999998092651

19207.808593750000
0.998996376991
1.000000000000
0.999998092651

19550.779296875000
0.999725937843
1.000000000000
0.999998092651

19893.750000000000
0.999931991100
1.000000000000
0.999998092651

20236.718750000000
0.999985992908
1.000000000000
0.999998092651

20579.689453125000
0.999996006489
1.000000000000
0.999998092651

20922.660156250000
0.999998986721
1.000000000000
0.999998092651

21265.630859375000
1.000000000000
1.000000000000
0.999998092651

21608.599609375000
1.000000000000
1.000000000000
0.999998092651

</roc>


</opencv_storage>
