<?xml version="1.0"?>
<opencv_storage>

<recognizer_impl_name>method9v300</recognizer_impl_name>



<part0>share/fda/fda0017.3500.enc</part0>
<part1>share/facerec/recognizers/method9v300/method9v300_1.bin</part1>
<part2>share/facerec/recognizers/method9v300/method9v300_2.bin</part2>
<part3>share/facerec/recognizers/method9v300/method9v300_3.bin</part3>

<use_mobile_gpu>1</use_mobile_gpu>
<use_cuda>0</use_cuda>
<gpu_index>0</gpu_index>

<fit_score>1</fit_score>
<use_custom_score_formula>0</use_custom_score_formula>

<target_score>85</target_score>
<target_far>0.0000007</target_far>
<target_frr>0.0574</target_frr>
<score_formula>(1-(log10(far)+8)/8)</score_formula>

<roc>
1.294199943542
0.000000000000
0.022798599675
0.000767111778

208.818099975586
0.000000000000
0.044239945710
0.000767111778

416.341979980469
0.000000000000
0.059830687940
0.000767111778

623.865844726562
0.000000001734
0.065719097853
0.002930641174

831.389770507812
0.000000001734
0.070203498006
0.002930641174

1038.913696289062
0.000000001734
0.076074749231
0.002930641174

1246.437500000000
0.000000001734
0.089164271951
0.002930641174

1453.961425781250
0.000000005779
0.112738251686
0.002856671810

1661.485351562500
0.000000007512
0.145055130124
0.002997934818

1869.009277343750
0.000000013677
0.188504233956
0.001239478588

2076.533203125000
0.000000017722
0.249269723892
0.001165807247

2284.057128906250
0.000000017722
0.314190119505
0.001165807247

2491.580810546875
0.000000021382
0.383865267038
0.001156926155

2699.104736328125
0.000000026775
0.460579544306
0.001245856285

2906.628662109375
0.000000033517
0.534491240978
0.001714050770

3114.152587890625
0.000000043072
0.604936003685
0.002026021481

3321.676513671875
0.000000046308
0.673406839371
0.002715408802

3529.200439453125
0.000000059175
0.730498850346
0.003588557243

3736.724365234375
0.000000060331
0.778223156929
0.004569888115

3944.248291015625
0.000000078130
0.819168150425
0.009705126286

4151.772460937500
0.000000096413
0.853696346283
0.015215158463

4359.296386718750
0.000000150958
0.883330821991
0.029325485229

4566.820312500000
0.000000216875
0.908232450485
0.055852293968

4774.344238281250
0.000000385392
0.926381170750
0.131067156792

4981.867675781250
0.000000693472
0.942508220673
0.234267771244

5189.391601562500
0.000001580560
0.953859269619
0.428421378136

5396.915527343750
0.000003759445
0.963157653809
0.587570667267

5604.439453125000
0.000009110803
0.971672713757
0.756457090378

5811.963378906250
0.000021508393
0.976379752159
0.890627741814

6019.487304687500
0.000049667244
0.980278015137
0.950278460979

6227.011230468750
0.000111139103
0.984159827232
0.976586818695

6434.535156250000
0.000240658570
0.986908257008
0.991404294968

6642.059082031250
0.000506512180
0.989269971848
0.996084392071

6849.583007812500
0.001042454271
0.991584122181
0.998345732689

7057.106933593750
0.002099196659
0.992862999439
0.999473512173

7264.630859375000
0.004160043318
0.993722915649
0.999752759933

7472.154785156250
0.008098978549
0.994777977467
0.999850988388

7679.678710937500
0.015432132408
0.995940625668
0.999946296215

7887.202636718750
0.028553208336
0.996737003326
0.999977648258

8094.726562500000
0.050909012556
0.997157990932
0.999984800816

8302.250000000000
0.086858272552
0.997699022293
0.999992966652

8509.773437500000
0.140930831432
0.998079538345
0.999996125698

8717.297851562500
0.216131329536
0.998501956463
0.999997377396

8924.821289062500
0.312406361103
0.998735010624
0.999998152256

9132.345703125000
0.425031900406
0.999096810818
0.999998629093

9339.869140625000
0.545572280884
0.999311983585
0.999998629093

9547.393554687500
0.663063943386
0.999482989311
0.999999105930

9754.916992187500
0.767157971859
0.999728977680
0.999998807907

9962.440429687500
0.850819230080
0.999763011932
0.999999165535

10169.964843750000
0.911686480045
0.999924004078
0.999998748302

10377.488281250000
0.951840937138
0.999935984612
0.999998748302

10585.012695312500
0.975887477398
0.999935984612
0.999998748302

10792.536132812500
0.988937973976
0.999975025654
0.999997913837

11000.060546875000
0.995356321335
0.999987006187
0.999996721745

11207.583984375000
0.998219192028
0.999987006187
0.999996721745

11415.108398437500
0.999374687672
1.000000000000
0.999995231628

11622.631835937500
0.999798119068
1.000000000000
0.999995231628

11830.156250000000
0.999939978123
1.000000000000
0.999995231628

12037.679687500000
0.999984025955
1.000000000000
0.999995231628

12245.204101562500
0.999996006489
1.000000000000
0.999995231628

12452.727539062500
0.999998986721
1.000000000000
0.999995231628

12660.251953125000
1.000000000000
1.000000000000
0.999995231628

12867.775390625000
1.000000000000
1.000000000000
0.999995231628

13075.299804687500
1.000000000000
1.000000000000
0.999995231628

</roc>


</opencv_storage>
