<?xml version="1.0"?>
<opencv_storage>

<recognizer_impl_name>method7</recognizer_impl_name>


<parts_count>6</parts_count>

<part0>share/facerec/recognizers/method7/ens1.bin</part0>

<part1>share/facerec/recognizers/method7/ens2.bin</part1>


<part2>share/facerec/recognizers/method7/ens3.bin</part2>

<part3>share/facerec/recognizers/method7/ens4.bin</part3>

<part4>share/facerec/recognizers/method7/ens5.bin</part4>

<part5>share/facerec/recognizers/method7/ens.f.2.v2.bin</part5>

<!-- m7.f.2.v2_lfw_ext_mm -->
<roc>
0.000323599990
0.000000000000
0.000000000000
0.001179575920

0.051652751863
0.000000000000
0.000621133018
0.001179575920

0.102981902659
0.000000000000
0.002066097455
0.001179575920

0.154311046004
0.000000000000
0.010847361758
0.001179575920

0.205640196800
0.000000000000
0.024948757142
0.001179575920

0.256969332695
0.000000000000
0.055664267391
0.001179575920

0.308298498392
0.000000000000
0.103511601686
0.001179575920

0.359627664089
0.000000000000
0.170507371426
0.001179575920

0.410956799984
0.000000015344
0.247216939926
0.074572980404

0.462285935879
0.000000147724
0.339122146368
0.061029553413

0.513615071774
0.000000862539
0.435179829597
0.179279744625

0.564944267273
0.000003216783
0.538336992264
0.253487288952

0.616273403168
0.000010008028
0.632849514484
0.433248162270

0.667602539062
0.000028951970
0.708449006081
0.610587358475

0.718931734562
0.000075405944
0.772740066051
0.745459735394

0.770260870457
0.000172548273
0.827427566051
0.859165191650

0.821590006351
0.000385212392
0.869807660580
0.932135224342

0.872919142246
0.000809773337
0.904006063938
0.968170821667

0.924248278141
0.001570449327
0.930825471878
0.984591126442

0.975577473640
0.002874067286
0.951111674309
0.993125200272

1.026906609535
0.005036699586
0.964624583721
0.996974766254

1.078235864639
0.008392076939
0.976629614830
0.998677313328

1.129565000534
0.013408662751
0.981920123100
0.999465763569

1.180894136429
0.020619880408
0.985511600971
0.999688565731

1.232223272324
0.030594808981
0.990348994732
0.999814212322

1.283552408218
0.043883081526
0.993169009686
0.999908506870

1.334881544113
0.061143212020
0.995440006256
0.999961793423

1.386210680008
0.082737356424
0.996020019054
0.999967694283

1.437539935112
0.109092518687
0.997075021267
0.999987006187

1.488869071007
0.140393674374
0.997618973255
0.999991595745

1.540198206902
0.176723197103
0.997753977776
0.999991416931

1.591527342796
0.217914730310
0.997904002666
0.999995231628

1.642856478691
0.263458162546
0.998758018017
0.999990463257

1.694185614586
0.312842905521
0.998833239079
0.999990463257

1.745514750481
0.365530878305
0.999826014042
0.999994456768

1.796843886375
0.420639932156
0.999906003475
0.999999225140

1.848173022270
0.477450907230
0.999961972237
0.999999582767

1.899502277374
0.534939289093
0.999985992908
0.999999880791

1.950831413269
0.592301428318
0.999997019768
0.999999880791

2.002160310745
0.648429095745
1.000000000000
1.000000000000

2.053489446640
0.702377438545
1.000000000000
1.000000000000

2.104818820953
0.753182768822
1.000000000000
1.000000000000

2.156147956848
0.800006151199
1.000000000000
1.000000000000

2.207477092743
0.842039704323
1.000000000000
1.000000000000

2.258806228638
0.878671050072
1.000000000000
1.000000000000

2.310135364532
0.909719765186
1.000000000000
1.000000000000

2.361464500427
0.935081481934
1.000000000000
1.000000000000

2.412793636322
0.954993307590
1.000000000000
1.000000000000

2.464122772217
0.970074355602
1.000000000000
1.000000000000

2.515451908112
0.980973660946
1.000000000000
1.000000000000

2.566781044006
0.988442778587
1.000000000000
1.000000000000

2.618110179901
0.993342995644
1.000000000000
1.000000000000

2.669439315796
0.996378600597
1.000000000000
1.000000000000

2.720768451691
0.998148441315
1.000000000000
1.000000000000

2.772097587585
0.999119162560
1.000000000000
1.000000000000

2.823426723480
0.999605119228
1.000000000000
1.000000000000

2.874756097794
0.999837636948
1.000000000000
1.000000000000

2.926085233688
0.999939024448
1.000000000000
1.000000000000

2.977414369583
0.999978005886
1.000000000000
1.000000000000

3.028743505478
0.999993979931
1.000000000000
1.000000000000

3.080072641373
0.999997973442
1.000000000000
1.000000000000

3.131401777267
0.999998986721
1.000000000000
1.000000000000

3.182730913162
1.000000000000
1.000000000000
1.000000000000

3.234060049057
1.000000000000
1.000000000000
1.000000000000

</roc>

</opencv_storage>
