<?xml version="1.0"?>
<opencv_storage>

<recognizer_impl_name>method9v1000mask</recognizer_impl_name>


<part0>share/fda/fda0017.3500.enc</part0>
<part1>share/facerec/recognizers/method9v1000mask/method9v1000mask_1.bin</part1>
<part2>share/facerec/recognizers/method9v1000mask/method9v1000mask_2.bin</part2>
<part3>share/facerec/recognizers/method9v1000mask/method9v1000mask_3.bin</part3>

<use_mobile_gpu>1</use_mobile_gpu>
<use_cuda>0</use_cuda>
<gpu_index>0</gpu_index>

<roc>
1.294199943542
0.000000000000
0.000000000000
0.000000000000

200.703811645508
0.000000000000
0.000007667450
0.000000000000

400.113403320312
0.000000000000
0.000117406002
0.000000000000

599.523010253906
0.000000000000
0.001069069956
0.000000000000

798.932617187500
0.000000000000
0.002734253183
0.000000000000

998.342224121094
0.000000000000
0.008899112232
0.000000000000

1197.751831054688
0.000000000000
0.020585829392
0.000000000000

1397.161376953125
0.000000000000
0.035701863468
0.000000000000

1596.571044921875
0.000000000000
0.053058583289
0.000000000000

1795.980712890625
0.000000000000
0.086832292378
0.000000000000

1995.390258789062
0.000000000000
0.130197152495
0.000000000000

2194.799804687500
0.000000000000
0.181896820664
0.000000238419

2394.209472656250
0.000000000000
0.242604717612
0.000000238419

2593.619140625000
0.000000000000
0.313031822443
0.000000238419

2793.028564453125
0.000000000000
0.383541941643
0.000000298023

2992.438232421875
0.000000000000
0.460126161575
0.000000298023

3191.847900390625
0.000000000000
0.534114778042
0.000000536442

3391.257568359375
0.000000000029
0.611210942268
0.000022232533

3590.667236328125
0.000000000058
0.667457461357
0.000013470650

3790.076660156250
0.000000000550
0.726504862309
0.000361084938

3989.486328125000
0.000000072273
0.774969935417
0.053573668003

4188.895996093750
0.000000309271
0.820019006729
0.125030159950

4388.305664062500
0.000000899290
0.856332361698
0.222647726536

4587.715332031250
0.000002446201
0.885724246502
0.394084572792

4787.125000000000
0.000007533511
0.911714732647
0.560687601566

4986.534667968750
0.000019254516
0.936367392540
0.707420170307

5185.944335937500
0.000048865339
0.955020725727
0.852657914162

5385.354003906250
0.000118800657
0.966378450394
0.939557492733

5584.763183593750
0.000269323791
0.976853549480
0.973234295845

5784.172851562500
0.000596354366
0.984757483006
0.991892933846

5983.582519531250
0.001244208193
0.987164974213
0.997871220112

6182.992187500000
0.002523074392
0.990149438381
0.999016702175

6382.401855468750
0.004931529518
0.991777002811
0.999711215496

6581.811523437500
0.009240042418
0.994005024433
0.999804556370

6781.221191406250
0.016673065722
0.995100021362
0.999924242496

6980.630859375000
0.028755564243
0.995493531227
0.999972164631

7180.040527343750
0.047651473433
0.996653020382
0.999972224236

7379.449707031250
0.075644157827
0.997691988945
0.999985337257

7578.859375000000
0.115406520665
0.998118996620
0.999994218349

7778.269042968750
0.168257951736
0.998130023479
0.999998390675

7977.678710937500
0.235257789493
0.998350977898
0.999997854233

8177.088378906250
0.315920054913
0.998957991600
0.999997138977

8376.497070312500
0.406565070152
0.999181985855
0.999998390675

8575.907226562500
0.503494620323
0.999181985855
0.999998867512

8775.316406250000
0.600740432739
0.999203026295
0.999998211861

8974.726562500000
0.692468702793
0.999203026295
0.999998867512

9174.135742187500
0.773937761784
0.999203026295
0.999999046326

9373.545898437500
0.842010796070
1.000000000000
0.999999344349

9572.955078125000
0.895272731781
1.000000000000
0.999999344349

9772.364257812500
0.934208750725
1.000000000000
0.999999344349

9971.774414062500
0.961133241653
1.000000000000
0.999999344349

10171.183593750000
0.978308379650
1.000000000000
0.999999344349

10370.593750000000
0.988604426384
1.000000000000
0.999999344349

10570.002929687500
0.994416654110
1.000000000000
0.999999344349

10769.413085937500
0.997435152531
1.000000000000
0.999999344349

10968.822265625000
0.998904645443
1.000000000000
0.999999344349

11168.231445312500
0.999564886093
1.000000000000
0.999999344349

11367.641601562500
0.999838471413
1.000000000000
0.999999344349

11567.050781250000
0.999943017960
1.000000000000
0.999999344349

11766.460937500000
0.999981999397
1.000000000000
0.999999344349

11965.870117187500
0.999994993210
1.000000000000
0.999999344349

12165.280273437500
0.999998986721
1.000000000000
0.999999344349

12364.689453125000
1.000000000000
1.000000000000
0.999999344349

12564.099609375000
1.000000000000
1.000000000000
0.999999344349

</roc>


</opencv_storage>
