<?xml version="1.0"?>
<opencv_storage>

<recognizer_impl_name>method6.4</recognizer_impl_name>


<parts_count>1</parts_count>

<part0>share/facerec/recognizers/method6/method6v4.bin</part0>

<roc>
0.000293499994
0.000000000000
0.000000000000
0.000085771084

0.047705352306
0.000000000000
0.000017759399
0.000085771084

0.095117203891
0.000000000000
0.000222361006
0.000085771084

0.142529040575
0.000000000000
0.002506568329
0.000085771084

0.189940899611
0.000000000000
0.006380863488
0.000085771084

0.237352758646
0.000000000000
0.016872195527
0.000085771084

0.284764587879
0.000000000000
0.032096322626
0.000085771084

0.332176446915
0.000000000000
0.050501141697
0.000085771084

0.379588305950
0.000000000000
0.084775447845
0.000085771084

0.427000164986
0.000000000000
0.120537757874
0.000085771084

0.474412024021
0.000000000000
0.177924185991
0.000085771084

0.521823883057
0.000000000000
0.232494920492
0.000085771084

0.569235682487
0.000000000000
0.299181103706
0.000085771084

0.616647541523
0.000000018665
0.371013820171
0.004824399948

0.664059400558
0.000000032263
0.440305709839
0.013460755348

0.711471259594
0.000000381819
0.511665165424
0.064158439636

0.758883118629
0.000001016970
0.574934363365
0.177380919456

0.806294977665
0.000002752000
0.640804171562
0.278263747692

0.853706836700
0.000005874225
0.700599491596
0.366277039051

0.901118695736
0.000014709789
0.761774063110
0.535943984985

0.948530554771
0.000035283156
0.804884612560
0.690149724483

0.995942354202
0.000077958386
0.841067016125
0.798185825348

1.043354272842
0.000161797085
0.873966395855
0.886740207672

1.090766072273
0.000327521178
0.896951436996
0.946660697460

1.138177871704
0.000627747213
0.915153622627
0.975589156151

1.185589790344
0.001172601245
0.929562509060
0.985458016396

1.233001589775
0.002118922770
0.947850167751
0.992431998253

1.280413508415
0.003699099878
0.958268105984
0.996552765369

1.327825307846
0.006301220972
0.968285024166
0.998403251171

1.375237226486
0.010442978702
0.974716663361
0.999243199825

1.422649025917
0.016937395558
0.979758977890
0.999516904354

1.470060944557
0.026860680431
0.985475480556
0.999783217907

1.517472743988
0.041674889624
0.987887024879
0.999857187271

1.564884543419
0.063173241913
0.992166996002
0.999920845032

1.612296462059
0.093378685415
0.994893014431
0.999972224236

1.659708261490
0.134291172028
0.995437741280
0.999981939793

1.707120180130
0.187748536468
0.996792972088
0.999992489815

1.754531979561
0.254354327917
0.997255980968
0.999995231628

1.801943898201
0.333344489336
0.997590005398
0.999996304512

1.849355697632
0.422332465649
0.997877001762
0.999998390675

1.896767616272
0.516997694969
0.998036980629
0.999997735023

1.944179415703
0.612145662308
0.998305976391
0.999997615814

1.991591215134
0.702317714691
0.998358011246
0.999997675419

2.039003133774
0.782367289066
0.999279022217
0.999989986420

2.086415052414
0.848976790905
0.999888002872
0.999995887280

2.133826732635
0.900975525379
0.999890983105
0.999995887280

2.181238651276
0.938809037209
0.999890983105
0.999995887280

2.228650569916
0.964544355869
1.000000000000
0.999999880791

2.276062250137
0.980728864670
1.000000000000
0.999999880791

2.323474168777
0.990197241306
1.000000000000
0.999999880791

2.370886087418
0.995364725590
1.000000000000
0.999999880791

2.418298006058
0.997955560684
1.000000000000
0.999999880791

2.465709686279
0.999174356461
1.000000000000
0.999999880791

2.513121604919
0.999695181847
1.000000000000
0.999999880791

2.560533523560
0.999898016453
1.000000000000
0.999999880791

2.607945442200
0.999967992306
1.000000000000
0.999999880791

2.655357122421
0.999989986420
1.000000000000
0.999999880791

2.702769041061
0.999997973442
1.000000000000
0.999999880791

2.750180959702
0.999998986721
1.000000000000
0.999999880791

2.797592639923
1.000000000000
1.000000000000
0.999999880791

2.845004558563
1.000000000000
1.000000000000
0.999999880791

2.892416477203
1.000000000000
1.000000000000
0.999999880791

2.939828395844
1.000000000000
1.000000000000
0.999999880791

2.987240076065
1.000000000000
1.000000000000
0.999999880791

</roc>


</opencv_storage>
