<?xml version="1.0"?>
<opencv_storage>

<recognizer_impl_name>method10v100</recognizer_impl_name>



<part0>share/fda/fda0017.3500.enc</part0>
<part1>share/facerec/recognizers/method10v100/method10v100_1.bin</part1>
<part2>share/facerec/recognizers/method10v100/method10v100_2.bin</part2>
<part3>share/facerec/recognizers/method10v100/method10v100_3.bin</part3>

<use_mobile_gpu>0</use_mobile_gpu>
<use_cuda>0</use_cuda>
<gpu_index>0</gpu_index>
<roc>
1.412099957466
0.000000000000
0.000000000000
0.000000000000

223.335708618164
0.000000000000
0.000007667450
0.000000000000

445.259338378906
0.000000000000
0.000224478004
0.000000000000

667.182983398438
0.000000000000
0.001827350003
0.000000000000

889.106567382812
0.000000000000
0.004087689798
0.000000000000

1111.030151367188
0.000000000000
0.013105779886
0.000000000000

1332.953857421875
0.000000000000
0.026683237404
0.000000000000

1554.877441406250
0.000000000000
0.053916797042
0.000000000000

1776.801025390625
0.000000000000
0.091307960451
0.000000000000

1998.724609375000
0.000000000000
0.142032310367
0.000000000000

2220.648193359375
0.000000000000
0.211000233889
0.000000000000

2442.571777343750
0.000000000000
0.296033054590
0.000000000000

2664.495605468750
0.000000000000
0.393395811319
0.000000000000

2886.419189453125
0.000000000000
0.488015204668
0.000000000000

3108.342773437500
0.000000000000
0.581757485867
0.002986550331

3330.266357421875
0.000000000000
0.659898936749
0.004295468330

3552.189941406250
0.000000000000
0.737824738026
0.007608652115

3774.113525390625
0.000000061374
0.801669597626
0.007539987564

3996.037109375000
0.000000061374
0.853061258793
0.008395135403

4217.960937500000
0.000000061374
0.890723049641
0.014446794987

4439.884277343750
0.000000122957
0.916514933109
0.044159531593

4661.808105468750
0.000000123096
0.939412593842
0.058024287224

4883.731445312500
0.000000270564
0.957719385624
0.140298545361

5105.655273437500
0.000000422817
0.967472732067
0.202935755253

5327.579101562500
0.000000586445
0.978041648865
0.239165186882

5549.502441406250
0.000001614154
0.984944999218
0.611678123474

5771.426269531250
0.000004604832
0.989489018917
0.768293142319

5993.349609375000
0.000012705819
0.991972565651
0.918188989162

6215.273437500000
0.000032877826
0.992824971676
0.987029671669

6437.196777343750
0.000077325807
0.993537008762
0.993786752224

6659.120605468750
0.000187894577
0.994316995144
0.995076239109

6881.043945312500
0.000430224085
0.995507001877
0.998168289661

7102.967773437500
0.000956623117
0.996587991714
0.999009549618

7324.891601562500
0.002047523856
0.997268974781
0.999790728092

7546.814941406250
0.004286514595
0.997340023518
0.999960124493

7768.738769531250
0.008602033369
0.997573971748
0.999982714653

7990.662109375000
0.016634501517
0.997592985630
0.999992191792

8212.585937500000
0.030796796083
0.997798979282
0.999992072582

8434.509765625000
0.054189149290
0.998008012772
0.999997735023

8656.432617187500
0.090592831373
0.998206973076
0.999997437000

8878.356445312500
0.143398940563
0.998206973076
0.999996721745

9100.280273437500
0.214469984174
0.998804986477
0.999991476536

9322.204101562500
0.303474277258
1.000000000000
0.999998033047

9544.127929687500
0.406742930412
1.000000000000
0.999998927116

9766.050781250000
0.517667114735
1.000000000000
0.999999284744

9987.974609375000
0.627671599388
1.000000000000
1.000000000000

10209.898437500000
0.727989554405
1.000000000000
1.000000000000

10431.822265625000
0.813037931919
1.000000000000
1.000000000000

10653.746093750000
0.879507064819
1.000000000000
1.000000000000

10875.668945312500
0.927321791649
1.000000000000
1.000000000000

11097.592773437500
0.959065675735
1.000000000000
1.000000000000

11319.516601562500
0.978557944298
1.000000000000
1.000000000000

11541.440429687500
0.989578306675
1.000000000000
1.000000000000

11763.363281250000
0.995290637016
1.000000000000
1.000000000000

11985.287109375000
0.998020470142
1.000000000000
1.000000000000

12207.210937500000
0.999237895012
1.000000000000
1.000000000000

12429.134765625000
0.999724864960
1.000000000000
1.000000000000

12651.058593750000
0.999912083149
1.000000000000
1.000000000000

12872.981445312500
0.999972999096
1.000000000000
1.000000000000

13094.905273437500
0.999993026257
1.000000000000
1.000000000000

13316.829101562500
0.999997973442
1.000000000000
1.000000000000

13538.752929687500
1.000000000000
1.000000000000
1.000000000000

13760.675781250000
1.000000000000
1.000000000000
1.000000000000

13982.599609375000
1.000000000000
1.000000000000
1.000000000000

</roc>



</opencv_storage>
