<?xml version="1.0"?>
<opencv_storage>

<recognizer_impl_name>method9v30</recognizer_impl_name>



<part0>share/fda/fda0017.3500.enc</part0>
<part1>share/facerec/recognizers/method9v30/method9v30_1.bin</part1>
<part2>share/facerec/recognizers/method9v30/method9v30_2.bin</part2>
<part3>share/facerec/recognizers/method9v30/method9v30_3.bin</part3>

<use_mobile_gpu>1</use_mobile_gpu>
<use_cuda>0</use_cuda>
<gpu_index>0</gpu_index>


<roc>
1.630399942398
0.000000000000
0.022798599675
0.001257956028

261.045776367188
0.000000000000
0.037280317396
0.001257956028

520.461120605469
0.000000003236
0.053429216146
0.012613594532

779.876464843750
0.000000020296
0.062168534845
0.085612237453

1039.291870117188
0.000000043937
0.065747790039
0.138200759888

1298.707275390625
0.000000102300
0.069814458489
0.138006806374

1558.122558593750
0.000000147333
0.075374118984
0.089352011681

1817.537963867188
0.000000197314
0.083877056837
0.058715879917

2076.953369140625
0.000000249731
0.099467210472
0.050821185112

2336.368652343750
0.000000294936
0.121303051710
0.045236349106

2595.784179687500
0.000000359078
0.150349229574
0.036028027534

2855.199462890625
0.000000451935
0.186313450336
0.028207480907

3114.614746093750
0.000000523556
0.232373252511
0.025209963322

3374.030273437500
0.000000575032
0.285288333893
0.024432897568

3633.445556640625
0.000000654747
0.342325061560
0.023435592651

3892.861083984375
0.000000728397
0.402812153101
0.023123502731

4152.276367187500
0.000000788522
0.467361301184
0.022118151188

4411.691894531250
0.000000867245
0.526636660099
0.024827539921

4671.106933593750
0.000000936387
0.586254596710
0.029788672924

4930.522460937500
0.000001007358
0.644087076187
0.036636352539

5189.937988281250
0.000001090659
0.697512328625
0.045687973499

5449.353027343750
0.000001181070
0.744432866573
0.061141669750

5708.768554687500
0.000001386897
0.783241152763
0.092373788357

5968.184082031250
0.000001769789
0.817527651787
0.144666314125

6227.599121093750
0.000002586174
0.847261130810
0.230131387711

6487.014648437500
0.000004663441
0.874548733234
0.411861538887

6746.430175781250
0.000009586921
0.896007061005
0.590912103653

7005.845703125000
0.000021790705
0.912360310555
0.750972807407

7265.260742187500
0.000049075181
0.927170991898
0.853666424751

7524.676269531250
0.000110548557
0.940339505672
0.927448987961

7784.091796875000
0.000238578083
0.951183021069
0.968791782856

8043.506835937500
0.000505805830
0.959967017174
0.985934019089

8302.922851562500
0.001039700001
0.967411816120
0.994332611561

8562.337890625000
0.002077104757
0.972451806068
0.997534871101

8821.753906250000
0.004051791504
0.978125751019
0.998843252659

9081.168945312500
0.007730984595
0.981765925884
0.999530673027

9340.583984375000
0.014370010234
0.985038518906
0.999738633633

9600.000000000000
0.026019791141
0.988602995872
0.999876797199

9859.415039062500
0.045547250658
0.990321695805
0.999954044819

10118.830078125000
0.076721496880
0.991814017296
0.999976158142

10378.246093750000
0.123633027077
0.993146061897
0.999985158443

10637.661132812500
0.189720168710
0.994682371616
0.999988436699

10897.076171875000
0.275849580765
0.996155977249
0.999990880489

11156.492187500000
0.380063772202
0.997563004494
0.999995112419

11415.907226562500
0.495153099298
0.998220026493
0.999996781349

11675.322265625000
0.611920356750
0.998951017857
0.999997258186

11934.738281250000
0.720055758953
0.999328017235
0.999997496605

12194.153320312500
0.811603128910
0.999764025211
0.999995946884

12453.568359375000
0.882030069828
0.999956011772
0.999998271465

12712.984375000000
0.931471526623
0.999987006187
0.999999642372

12972.399414062500
0.963173568249
1.000000000000
0.999999821186

13231.815429687500
0.981750249863
1.000000000000
0.999999821186

13491.230468750000
0.991650342941
1.000000000000
0.999999821186

13750.645507812500
0.996490597725
1.000000000000
0.999999821186

14010.061523437500
0.998638391495
1.000000000000
0.999999821186

14269.476562500000
0.999513447285
1.000000000000
0.999999821186

14528.891601562500
0.999840497971
1.000000000000
0.999999821186

14788.307617187500
0.999952375889
1.000000000000
0.999999821186

15047.722656250000
0.999987006187
1.000000000000
0.999999821186

15307.137695312500
0.999997019768
1.000000000000
0.999999821186

15566.553710937500
0.999998986721
1.000000000000
0.999999821186

15825.968750000000
1.000000000000
1.000000000000
0.999999821186

16085.383789062500
1.000000000000
1.000000000000
0.999999821186

16344.799804687500
1.000000000000
1.000000000000
0.999999821186

</roc>


</opencv_storage>
