<?xml version="1.0"?>
<opencv_storage>

<recognizer_impl_name>method7v2</recognizer_impl_name>

<part0>share/facerec/recognizers/method7v2/method7v2_u.bin</part0>
<part1>share/facerec/recognizers/method7v2/method7v2_uc1.bin</part1>
<part2>share/facerec/recognizers/method7v2/method7v2_uc2.bin</part2>
<part3>share/facerec/recognizers/method7v2/method7v2_uc3.bin</part3>
<part4>share/facerec/recognizers/method7v2/method7v2_uc4.bin</part4>
<part5>share/facerec/recognizers/method7v2/method7v2_ll.bin</part5>

<roc>
0.000292599987
0.000000000000
0.000000000000
0.000059068203

0.046737004071
0.000000000000
0.000016226806
0.000059068203

0.093181408942
0.000000000000
0.000113401205
0.000059068203

0.139625817537
0.000000000000
0.001432509976
0.000059068203

0.186070218682
0.000000000000
0.003560589859
0.000059068203

0.232514619827
0.000000000000
0.007593296468
0.000059068203

0.278959035873
0.000000000000
0.015474552289
0.000059068203

0.325403422117
0.000000000000
0.030708126724
0.000059068203

0.371847838163
0.000000000000
0.052940268070
0.000059068203

0.418292254210
0.000000000000
0.084629386663
0.000059068203

0.464736640453
0.000000000000
0.125920608640
0.000059068203

0.511181056499
0.000000000000
0.180094763637
0.000059068203

0.557625472546
0.000000000000
0.235630244017
0.000059068203

0.604069888592
0.000000000000
0.297579437494
0.000059068203

0.650514245033
0.000000000000
0.363731175661
0.000065505505

0.696958661079
0.000000000000
0.433943480253
0.000087618828

0.743403077126
0.000000001461
0.507694005966
0.000620901585

0.789847493172
0.000000002923
0.582165777683
0.000801324844

0.836291909218
0.000000026815
0.649018943310
0.027118384838

0.882736265659
0.000000194904
0.707964062691
0.095403134823

0.929180681705
0.000001031960
0.759903490543
0.213914453983

0.975625097752
0.000003028712
0.802655279636
0.356786131859

1.022069573402
0.000007631756
0.839604675770
0.488386988640

1.068513989449
0.000017773713
0.869333505630
0.629640340805

1.114958405495
0.000037618622
0.897573292255
0.741743683815

1.161402821541
0.000085568354
0.922351479530
0.861994802952

1.207847237587
0.000180181174
0.940033018589
0.928490757942

1.254291534424
0.000369431596
0.954518020153
0.966557562351

1.300735950470
0.000731114589
0.967789173126
0.984577238560

1.347180366516
0.001425432856
0.976249158382
0.994745373726

1.393624782562
0.002705977997
0.981740593910
0.998005270958

1.440069198608
0.005002883263
0.987128078938
0.999176025391

1.486513614655
0.009037548676
0.989238977432
0.999721169472

1.532958030701
0.015951540321
0.991355001926
0.999862611294

1.579402446747
0.027348406613
0.993212819099
0.999935984612

1.625846862793
0.045435007662
0.993870019913
0.999960541725

1.672291278839
0.072830967605
0.995622992516
0.999972760677

1.718735694885
0.112238645554
0.997026026249
0.999982416630

1.765179991722
0.165770798922
0.998064994812
0.999991595745

1.811624407768
0.234482899308
0.998637855053
0.999997258186

1.858068823814
0.317437529564
0.998804986477
0.999996960163

1.904513239861
0.411756843328
0.998849987984
0.999997138977

1.950957655907
0.512250185013
0.999534010887
0.999998569489

1.997402071953
0.612574577332
0.999553978443
0.999998331070

2.043846368790
0.706421494484
0.999610126019
0.999998331070

2.090290784836
0.788491487503
0.999737977982
0.999998927116

2.136735200882
0.855635762215
0.999863028526
0.999998509884

2.183179616928
0.907066345215
0.999966979027
0.999997973442

2.229624032974
0.943597018719
1.000000000000
0.999999880791

2.276068449020
0.967877388000
1.000000000000
0.999999880791

2.322512865067
0.982883989811
1.000000000000
0.999999880791

2.368957281113
0.991477072239
1.000000000000
0.999999880791

2.415401697159
0.996035456657
1.000000000000
0.999999880791

2.461846113205
0.998287200928
1.000000000000
0.999999880791

2.508290290833
0.999320685863
1.000000000000
0.999999880791

2.554734706879
0.999749302864
1.000000000000
0.999999880791

2.601179122925
0.999913990498
1.000000000000
0.999999880791

2.647623538971
0.999971985817
1.000000000000
0.999999880791

2.694067955017
0.999992012978
1.000000000000
0.999999880791

2.740512371063
0.999997973442
1.000000000000
0.999999880791

2.786956787109
1.000000000000
1.000000000000
0.999999880791

2.833401203156
1.000000000000
1.000000000000
0.999999880791

2.879845619202
1.000000000000
1.000000000000
0.999999880791

2.926290035248
1.000000000000
1.000000000000
0.999999880791

</roc>

</opencv_storage>
