<?xml version="1.0"?>
<opencv_storage>

<recognizer_impl_name>method12v50</recognizer_impl_name>



<part0>share/fda/fda0017.3500.enc</part0>
<part1>share/facerec/recognizers/method12v50/method12v50_1.enc</part1>
<part2>share/facerec/recognizers/method12v50/method12v50_2.enc</part2>
<part3>share/facerec/recognizers/method12v50/method12v50_3.enc</part3>

<use_mobile_gpu>0</use_mobile_gpu>
<use_cuda>0</use_cuda>
<gpu_index>0</gpu_index>

<roc>
5.202770233154
0.000000000000
0.009438299574
0.000021100044

394.502716064453
0.000000000000
0.036601632833
0.000021100044

783.802673339844
0.000000000000
0.073722615838
0.000021100044

1173.102661132812
0.000000000000
0.100880853832
0.000021100044

1562.402587890625
0.000000000000
0.116708628833
0.000021100044

1951.702514648438
0.000000000000
0.127300173044
0.000021100044

2341.002685546875
0.000000000000
0.136145964265
0.000021100044

2730.302490234375
0.000000000000
0.149109885097
0.000021100044

3119.602539062500
0.000000000000
0.164184466004
0.000021100044

3508.902587890625
0.000000000000
0.187888801098
0.000021100044

3898.202392578125
0.000000000000
0.222059145570
0.000021100044

4287.501953125000
0.000000000000
0.267878413200
0.000021100044

4676.802246093750
0.000000000000
0.319651484489
0.000021100044

5066.102050781250
0.000000000000
0.379632502794
0.000024259090

5455.401855468750
0.000000000000
0.446541905403
0.000033140182

5844.702148437500
0.000000000500
0.514943897724
0.000118672848

6234.001953125000
0.000000000500
0.580870687962
0.000118672848

6623.301757812500
0.000000000500
0.642810761929
0.000087499619

7012.602050781250
0.000000000500
0.700308620930
0.000133514404

7401.901855468750
0.000000001665
0.749901890755
0.000270187855

7791.201660156250
0.000000001665
0.794862985611
0.000270187855

8180.501953125000
0.000000002165
0.832794368267
0.000227093697

8569.801757812500
0.000000002540
0.866654157639
0.000327646732

8959.102539062500
0.000000002540
0.890610277653
0.000352263451

9348.402343750000
0.000000003414
0.913778066635
0.001066923141

9737.702148437500
0.000000003914
0.933164834976
0.001480102539

10127.001953125000
0.000000015070
0.947802066803
0.025049924850

10516.301757812500
0.000000033659
0.960585892200
0.037505865097

10905.601562500000
0.000000058664
0.968201875687
0.061982035637

11294.902343750000
0.000000201674
0.974819123745
0.243946731091

11684.202148437500
0.000000513172
0.980540573597
0.409042716026

12073.501953125000
0.000001559241
0.983732342720
0.677168130875

12462.801757812500
0.000005075890
0.986845552921
0.807182550430

12852.101562500000
0.000015514781
0.989072561264
0.935918092728

13241.401367187500
0.000047581332
0.990787565708
0.984302461147

13630.701171875000
0.000141987257
0.991762161255
0.995983958244

14020.001953125000
0.000422227109
0.993001520634
0.998508930206

14409.301757812500
0.001211619005
0.993855774403
0.999587535858

14798.601562500000
0.003370244522
0.994431376457
0.999908804893

15187.901367187500
0.008834507316
0.994976162910
0.999958693981

15577.201171875000
0.021441360936
0.995501995087
0.999982774258

15966.500976562500
0.047642976046
0.995868682861
0.999989449978

16355.801757812500
0.095981575549
0.996574342251
0.999992430210

16745.101562500000
0.174452453852
0.997228503227
0.999996006489

17134.400390625000
0.285948395729
0.997769296169
0.999997258186

17523.701171875000
0.424085646868
0.998441278934
0.999997854233

17913.001953125000
0.572531819344
0.998813927174
0.999998152256

18302.300781250000
0.711443185806
0.999224007130
0.999998271465

18691.601562500000
0.824361324310
0.999574005604
0.999998092651

19080.900390625000
0.904169082642
0.999836027622
0.999998867512

19470.201171875000
0.953348577023
0.999902009964
0.999998867512

19859.500000000000
0.979774236679
0.999975979328
0.999999105930

20248.800781250000
0.992162168026
0.999988019466
0.999999284744

20638.101562500000
0.997276246548
0.999993026257
0.999998748302

21027.400390625000
0.999148488045
0.999998986721
0.999998092651

21416.701171875000
0.999757587910
1.000000000000
0.999998331070

21806.000000000000
0.999935209751
1.000000000000
0.999998331070

22195.300781250000
0.999983072281
1.000000000000
0.999998331070

22584.601562500000
0.999996006489
1.000000000000
0.999998331070

22973.900390625000
0.999998986721
1.000000000000
0.999998331070

23363.201171875000
1.000000000000
1.000000000000
0.999998331070

23752.500000000000
1.000000000000
1.000000000000
0.999998331070

24141.800781250000
1.000000000000
1.000000000000
0.999998331070

24531.099609375000
1.000000000000
1.000000000000
0.999998331070

</roc>


</opencv_storage>
