<?xml version="1.0"?>
<opencv_storage>

<recognizer_impl_name>method12v50</recognizer_impl_name>



<part0>share/fda/fda0017.3500.enc</part0>
<part1>share/facerec/recognizers/method12v50/method12v50_1.enc</part1>
<part2>share/facerec/recognizers/method12v50/method12v50_2.enc</part2>
<part3>share/facerec/recognizers/method12v50/method12v50_3.enc</part3>

<use_mobile_gpu>0</use_mobile_gpu>
<use_cuda>0</use_cuda>
<gpu_index>0</gpu_index>


<roc>
2.452589988708
0.000000000000
0.017418799922
0.000000000000

390.856506347656
0.000000000000
0.036807518452
0.000144004822

779.260437011719
0.000000000000
0.062750197947
0.000577092171

1167.664428710938
0.000000000000
0.081678301096
0.001312077045

1556.068359375000
0.000000000000
0.092750474811
0.002346813679

1944.472290039062
0.000000000000
0.100024826825
0.003692209721

2332.876220703125
0.000000000000
0.107140325010
0.005366861820

2721.280273437500
0.000000000000
0.118022724986
0.007356941700

3109.684082031250
0.000000000000
0.132134124637
0.009679079056

3498.087890625000
0.000000000000
0.155972480774
0.012358307838

3886.491943359375
0.000000000000
0.189047694206
0.015368223190

4274.895996093750
0.000000000000
0.232672899961
0.018754065037

4663.299804687500
0.000000000000
0.284779965878
0.022480428219

5051.703613281250
0.000000000000
0.344679057598
0.026574730873

5440.107910156250
0.000000000000
0.413008004427
0.031073391438

5828.511718750000
0.000000000271
0.480859190226
0.035927236080

6216.915527343750
0.000000000271
0.548866450787
0.041170358658

6605.319335937500
0.000000000271
0.615502357483
0.046846866608

6993.723144531250
0.000000000271
0.678330063820
0.052892625332

7382.127441406250
0.000000000902
0.735506474972
0.059349119663

7770.531250000000
0.000000000902
0.786067485809
0.066268384457

8158.935058593750
0.000000001173
0.827583372593
0.073570609093

8547.338867187500
0.000000001376
0.863423526287
0.081355512142

8935.742187500000
0.000000008953
0.891574501991
0.089531958103

9324.146484375000
0.000000010848
0.916718661785
0.098155140877

9712.550781250000
0.000000017259
0.935915052891
0.107291102409

10100.954101562500
0.000000038999
0.951380252838
0.116832554340

10489.358398437500
0.000000108003
0.963174283504
0.126841008663

10877.762695312500
0.000000261309
0.971462547779
0.137391030788

11266.166015625000
0.000000859298
0.978110730648
0.148359954357

11654.570312500000
0.000002474892
0.983335793018
0.170312941074

12042.973632812500
0.000007073680
0.986534893513
0.218021929264

12431.377929687500
0.000019213179
0.989204704762
0.285037100315

12819.782226562500
0.000050224626
0.991086006165
0.365967869759

13208.185546875000
0.000128091837
0.992558002472
0.453583896160

13596.589843750000
0.000318353326
0.993671536446
0.542207837105

13984.993164062500
0.000780561764
0.994522035122
0.626188397408

14373.397460937500
0.001894096145
0.995151996613
0.698256134987

14761.801757812500
0.004551386461
0.995733022690
0.752849698067

15150.205078125000
0.010635692626
0.996207177639
0.795441687107

15538.609375000000
0.023801352829
0.996603727341
0.832532823086

15927.013671875000
0.050076257437
0.996861934662
0.864233016968

16315.416992187500
0.097318872809
0.997316360474
0.891921222210

16703.822265625000
0.173203244805
0.997822999954
0.918333888054

17092.226562500000
0.280877023935
0.998233973980
0.939568042755

17480.630859375000
0.414696216583
0.998695015907
0.950580060482

17869.033203125000
0.560403525829
0.998955011368
0.956109166145

18257.437500000000
0.698977351189
0.999315023422
0.961303889751

18645.841796875000
0.813566923141
0.999674022198
0.966104745865

19034.246093750000
0.896282672882
0.999879002571
0.970553636551

19422.650390625000
0.948458909988
0.999930977821
0.974683165550

19811.052734375000
0.977151632309
0.999979019165
0.978447675705

20199.457031250000
0.990970194340
0.999988973141
0.981881976128

20587.861328125000
0.996823191643
0.999993979931
0.985011637211

20976.265625000000
0.999001383781
0.999998986721
0.987805545330

21364.669921875000
0.999719142914
1.000000000000
0.990306138992

21753.074218750000
0.999928414822
1.000000000000
0.992488682270

22141.476562500000
0.999983012676
1.000000000000
0.994377493858

22529.880859375000
0.999996006489
1.000000000000
0.995989322662

22918.285156250000
0.999998986721
1.000000000000
0.997310757637

23306.689453125000
1.000000000000
1.000000000000
0.998360276222

23695.093750000000
1.000000000000
1.000000000000
0.999149382114

24083.496093750000
1.000000000000
1.000000000000
0.999675333500

24471.900390625000
1.000000000000
1.000000000000
0.999951243401

</roc>

</opencv_storage>
