<?xml version="1.0"?>
<opencv_storage>

<recognizer_impl_name>method9v1000</recognizer_impl_name>



<part0>share/fda/fda0017.3500.enc</part0>
<part1>share/facerec/recognizers/method9v1000/method9v1000_1.bin</part1>
<part2>share/facerec/recognizers/method9v1000/method9v1000_2.bin</part2>
<part3>share/facerec/recognizers/method9v1000/method9v1000_3.bin</part3>

<use_mobile_gpu>1</use_mobile_gpu>
<use_cuda>0</use_cuda>
<gpu_index>0</gpu_index>

<roc>
0.400000005960
0.000000000000
0.000000000000
0.000000000000

307.936492919922
0.000000000000
0.000007667450
0.000000000000

615.473022460938
0.000000000000
0.000018231500
0.000000000000

923.009521484375
0.000000000000
0.000227194003
0.000000000000

1230.546020507812
0.000000000000
0.003722500056
0.000000000000

1538.082519531250
0.000000000000
0.006272733677
0.000000000000

1845.619018554688
0.000000000000
0.013902800158
0.000000000000

2153.155273437500
0.000000000000
0.034345518798
0.000000000000

2460.691894531250
0.000000000000
0.063387103379
0.000000000000

2768.228515625000
0.000000000000
0.115974567831
0.000000000000

3075.764892578125
0.000000000000
0.184830993414
0.000000000000

3383.301269531250
0.000000000000
0.260580003262
0.000000000000

3690.837890625000
0.000000000000
0.338068425655
0.000000000000

3998.374511718750
0.000000000000
0.438348650932
0.000000000000

4305.910644531250
0.000000000000
0.531435012817
0.000000000000

4613.447265625000
0.000000000000
0.617711007595
0.000000000000

4920.983886718750
0.000000000000
0.706398725510
0.000000000000

5228.520507812500
0.000000000000
0.768518984318
0.000005960464

5536.057128906250
0.000000000000
0.825119853020
0.000009834766

5843.593261718750
0.000000000069
0.869903028011
0.000042557716

6151.129882812500
0.000000000069
0.903422951698
0.000042557716

6458.666503906250
0.000000000139
0.930792987347
0.000288724899

6766.202636718750
0.000000010595
0.949064493179
0.022997856140

7073.739257812500
0.000000021830
0.964964985847
0.078125059605

7381.275878906250
0.000000177937
0.975392997265
0.267895042896

7688.812500000000
0.000000334960
0.979727029800
0.337014138699

7996.349121093750
0.000000660834
0.983079910278
0.439339458942

8303.885742187500
0.000001938400
0.988066971302
0.670458436012

8611.421875000000
0.000005095670
0.989836990833
0.877054154873

8918.958984375000
0.000012254744
0.991658985615
0.930211603642

9226.495117187500
0.000032793101
0.994850993156
0.937792122364

9534.032226562500
0.000078497156
0.996156990528
0.995365977287

9841.568359375000
0.000187721002
0.996447026730
0.998883008957

10149.104492187500
0.000430775370
0.996590971947
0.999368250370

10456.641601562500
0.000967208005
0.997048020363
0.999724268913

10764.177734375000
0.002131789224
0.997155010700
0.999969661236

11071.714843750000
0.004603799898
0.997780025005
0.999842047691

11379.250976562500
0.009670879692
0.998394012451
0.999962091446

11686.787109375000
0.019520800561
0.998403012753
0.999999642372

11994.324218750000
0.037545718253
0.998405992985
0.999999940395

12301.860351562500
0.068187102675
0.998405992985
0.999998271465

12609.396484375000
0.116572998464
0.999203026295
0.999994993210

12916.933593750000
0.186176210642
0.999203026295
0.999997973442

13224.469726562500
0.278279006481
0.999203026295
1.000000000000

13532.005859375000
0.389044672251
0.999203026295
0.999998390675

13839.542968750000
0.510761022568
1.000000000000
0.999998748302

14147.079101562500
0.632003366947
1.000000000000
0.999999225140

14454.616210937500
0.741405010223
1.000000000000
0.999999344349

14762.152343750000
0.831251144409
1.000000000000
0.999999344349

15069.688476562500
0.898222029209
1.000000000000
0.999999344349

15377.225585937500
0.943418025970
1.000000000000
0.999999344349

15684.761718750000
0.970972001553
1.000000000000
1.000000000000

15992.298828125000
0.986362874508
1.000000000000
1.000000000000

16299.834960937500
0.994100987911
1.000000000000
1.000000000000

16607.371093750000
0.997681021690
1.000000000000
1.000000000000

16914.908203125000
0.999158799648
1.000000000000
1.000000000000

17222.443359375000
0.999719977379
1.000000000000
1.000000000000

17529.980468750000
0.999916017056
1.000000000000
1.000000000000

17837.517578125000
0.999976992607
1.000000000000
1.000000000000

18145.054687500000
0.999993979931
1.000000000000
1.000000000000

18452.589843750000
0.999998986721
1.000000000000
1.000000000000

18760.126953125000
1.000000000000
1.000000000000
1.000000000000

19067.664062500000
1.000000000000
1.000000000000
1.000000000000

19375.199218750000
1.000000000000
1.000000000000
1.000000000000

</roc>


</opencv_storage>
