<?xml version="1.0"?>
<opencv_storage>

<recognizer_impl_name>method12v1000m</recognizer_impl_name>



<part0>share/fda/fda0017.3500.enc</part0>
<part1>share/facerec/recognizers/method12v1000m/method12v1000m_1.enc</part1>
<part2>share/facerec/recognizers/method12v1000m/method12v1000m_2.enc</part2>
<part3>share/facerec/recognizers/method12v1000m/method12v1000m_3.enc</part3>

<use_mobile_gpu>0</use_mobile_gpu>
<use_cuda>0</use_cuda>
<gpu_index>0</gpu_index>


<roc>
1.512680053711
0.000000000000
0.017418799922
0.000000000000

244.525177001953
0.000000000000
0.036921270192
0.000145137310

487.537658691406
0.000000000000
0.070433743298
0.000585138798

730.550170898438
0.000000000000
0.091564692557
0.001321136951

973.562683105469
0.000000000000
0.102614454925
0.002369165421

1216.575195312500
0.000000000000
0.112338289618
0.003732264042

1459.587646484375
0.000000000000
0.131876721978
0.005405783653

1702.600219726562
0.000000000000
0.163213133812
0.007417380810

1945.612670898438
0.000000000000
0.215010792017
0.009764373302

2188.625244140625
0.000000000000
0.278898477554
0.012435853481

2431.637695312500
0.000000000000
0.353262901306
0.015471816063

2674.650146484375
0.000000000000
0.435616225004
0.018863618374

2917.662597656250
0.000000000000
0.517174601555
0.022593140602

3160.675048828125
0.000000000000
0.594927132130
0.026714444160

3403.687744140625
0.000000000000
0.665740191936
0.031211495399

3646.700195312500
0.000000000000
0.728241384029
0.036059856415

3889.712646484375
0.000000000000
0.782364964485
0.041326820850

4132.725097656250
0.000000000000
0.828701794147
0.046990036964

4375.737792968750
0.000000000000
0.869253814220
0.053017497063

4618.750000000000
0.000000000000
0.900053620338
0.059491038322

4861.762695312500
0.000000000000
0.925056338310
0.066381156445

5104.774902343750
0.000000005995
0.944028019905
0.073648035526

5347.787597656250
0.000000007104
0.958393573761
0.081388950348

5590.800292968750
0.000000008051
0.968550026417
0.089514672756

5833.812500000000
0.000000009453
0.976274311543
0.098133325577

6076.825195312500
0.000000016849
0.982362270355
0.107202410698

6319.837402343750
0.000000037714
0.986156880856
0.116668164730

6562.850097656250
0.000000125729
0.989229261875
0.126655399799

6805.862792968750
0.000000322775
0.990983843803
0.137113332748

7048.875000000000
0.000000844537
0.992396354675
0.147979438305

7291.887695312500
0.000002360034
0.993351519108
0.168762803078

7534.899902343750
0.000006154218
0.994017183781
0.214203178883

7777.912597656250
0.000016113172
0.994441568851
0.278451800346

8020.925292968750
0.000040494200
0.994999945164
0.356456458569

8263.937500000000
0.000099464734
0.995369017124
0.441985607147

8506.950195312500
0.000238555382
0.995669007301
0.528621554375

8749.962890625000
0.000559987093
0.995895981789
0.611591219902

8992.974609375000
0.001302033430
0.996132075787
0.684468984604

9235.987304687500
0.003006055485
0.996436715126
0.741078972816

9479.000000000000
0.006861325353
0.996610999107
0.782298445702

9722.012695312500
0.015361220576
0.996944129467
0.817885696888

9965.025390625000
0.033221695572
0.997113645077
0.848900675774

10208.037109375000
0.067775554955
0.997449994087
0.876659750938

10451.049804687500
0.128415152431
0.997725605965
0.904105246067

10694.062500000000
0.222135275602
0.998053014278
0.929574251175

10937.075195312500
0.349268019199
0.998477220535
0.946929633617

11180.087890625000
0.499025940895
0.998991847038
0.953711867332

11423.099609375000
0.650276362896
0.999405980110
0.959191501141

11666.112304687500
0.781673550606
0.999659240246
0.964288055897

11909.125000000000
0.879517912865
0.999745011330
0.968977451324

12152.137695312500
0.941511988640
0.999958992004
0.973327934742

12395.150390625000
0.975172519684
0.999983191490
0.977318882942

12638.162109375000
0.990831315517
0.999997973442
0.980933845043

12881.174804687500
0.997046291828
1.000000000000
0.984228491783

13124.187500000000
0.999171257019
1.000000000000
0.987184703350

13367.200195312500
0.999799430370
1.000000000000
0.989796817303

13610.212890625000
0.999957025051
1.000000000000
0.992106020451

13853.224609375000
0.999992012978
1.000000000000
0.994101285934

14096.237304687500
0.999998986721
1.000000000000
0.995782136917

14339.250000000000
1.000000000000
1.000000000000
0.997178018093

14582.262695312500
1.000000000000
1.000000000000
0.998284399509

14825.275390625000
1.000000000000
1.000000000000
0.999105751514

15068.287109375000
1.000000000000
1.000000000000
0.999660372734

15311.299804687500
1.000000000000
1.000000000000
0.999948918819

</roc>

</opencv_storage>
