<?xml version="1.0"?>
<opencv_storage>

<recognizer_impl_name>method11v1000</recognizer_impl_name>



<part0>share/fda/fda0017.3500.enc</part0>
<part1>share/facerec/recognizers/method11v1000/method11v1000_1.bin</part1>
<part2>share/facerec/recognizers/method11v1000/method11v1000_2.bin</part2>
<part3>share/facerec/recognizers/method11v1000/method11v1000_3.bin</part3>

<use_mobile_gpu>0</use_mobile_gpu>
<use_cuda>0</use_cuda>
<gpu_index>0</gpu_index>


<fit_score>1</fit_score>
<use_custom_score_formula>0</use_custom_score_formula>

<target_score>85</target_score>
<target_far>0.0000002</target_far>
<target_frr>0.01</target_frr>
<score_formula>(1-(log10(far)+8)/8)</score_formula>

<roc>
2.160710096359
0.000000000000
0.022798599675
0.000000000000

358.986724853516
0.000000000000
0.050540585071
0.000000000000

715.812744140625
0.000000000000
0.062754951417
0.000000000000

1072.638793945312
0.000000000000
0.066623076797
0.000000000000

1429.464843750000
0.000000000000
0.069696299732
0.000000000000

1786.290893554688
0.000000000000
0.074391499162
0.000000000000

2143.116699218750
0.000000000000
0.083367198706
0.000000000000

2499.942871093750
0.000000000000
0.099761731923
0.000000000000

2856.768798828125
0.000000000000
0.127851739526
0.000000000000

3213.594726562500
0.000000000000
0.167831391096
0.000000000000

3570.420898437500
0.000000000000
0.220183610916
0.000000000000

3927.246826171875
0.000000000000
0.287440419197
0.000000000000

4284.072753906250
0.000000000000
0.361218422651
0.000000000000

4640.898925781250
0.000000000000
0.442548424006
0.000000000000

4997.725097656250
0.000000000000
0.522220194340
0.000026822090

5354.550781250000
0.000000000000
0.605595707893
0.000036835670

5711.376953125000
0.000000000000
0.678975403309
0.000054776669

6068.203125000000
0.000000000660
0.743881762028
0.000830709934

6425.028808593750
0.000000002201
0.802186787128
0.001009285450

6781.854980468750
0.000000002201
0.848199665546
0.001009285450

7138.681152343750
0.000000004513
0.885770559311
0.008785843849

7495.506835937500
0.000000021849
0.915502667427
0.007857739925

7852.333007812500
0.000000024821
0.938563585281
0.004351079464

8209.159179687500
0.000000030600
0.955490827560
0.005548119545

8565.985351562500
0.000000035255
0.967241287231
0.016507863998

8922.811523437500
0.000000037636
0.977330088615
0.039258539677

9279.637695312500
0.000000082314
0.983681261539
0.124087631702

9636.463867187500
0.000000163076
0.988709986210
0.214810490608

9993.290039062500
0.000000325174
0.990878999233
0.430143952370

10350.115234375000
0.000001081801
0.993055164814
0.663926005363

10706.941406250000
0.000003121799
0.994880974293
0.839741706848

11063.767578125000
0.000009025764
0.996191024780
0.925700485706

11420.593750000000
0.000024719244
0.997027993202
0.982219696045

11777.419921875000
0.000064457883
0.997317016125
0.997520208359

12134.246093750000
0.000160278505
0.997614979744
0.998661160469

12491.072265625000
0.000377456774
0.997842013836
0.999514997005

12847.897460937500
0.000870762859
0.997947990894
0.999898076057

13204.723632812500
0.001958507579
0.998076975346
0.999953329563

13561.549804687500
0.004350608680
0.998121976852
0.999991655350

13918.375976562500
0.009500991553
0.998248994350
0.999986410141

14275.202148437500
0.020344434306
0.998341977596
0.999997317791

14632.028320312500
0.041969269514
0.998470008373
0.999998092651

14988.853515625000
0.082144685090
0.998631000519
0.999998092651

15345.679687500000
0.149343252182
0.998760998249
0.999998331070

15702.505859375000
0.249600782990
0.998956024647
0.999998390675

16059.332031250000
0.380402207375
0.999429404736
0.999998867512

16416.156250000000
0.528994679451
0.999525010586
0.999999344349

16772.982421875000
0.674996316433
0.999525010586
0.999999344349

17129.808593750000
0.798501729965
0.999695003033
0.999998688698

17486.634765625000
0.888931572437
0.999948978424
0.999999046326

17843.460937500000
0.945647239685
0.999961972237
0.999999046326

18200.287109375000
0.976570725441
0.999975025654
0.999998807907

18557.113281250000
0.991070151329
1.000000000000
0.999999523163

18913.939453125000
0.997011244297
1.000000000000
0.999999523163

19270.765625000000
0.999115943909
1.000000000000
0.999999523163

19627.591796875000
0.999769687653
1.000000000000
0.999999523163

19984.417968750000
0.999948024750
1.000000000000
0.999999523163

20341.244140625000
0.999988973141
1.000000000000
0.999999523163

20698.068359375000
0.999997973442
1.000000000000
0.999999523163

21054.894531250000
1.000000000000
1.000000000000
0.999999523163

21411.720703125000
1.000000000000
1.000000000000
0.999999523163

21768.546875000000
1.000000000000
1.000000000000
0.999999523163

22125.373046875000
1.000000000000
1.000000000000
0.999999523163

22482.199218750000
1.000000000000
1.000000000000
0.999999523163

</roc>


</opencv_storage>
