<?xml version="1.0"?>
<opencv_storage>

<recognizer_impl_name>method10v1000</recognizer_impl_name>



<part0>share/fda/fda0017.3500.enc</part0>
<part1>share/facerec/recognizers/method10v1000/method10v1000_1.bin</part1>
<part2>share/facerec/recognizers/method10v1000/method10v1000_2.bin</part2>
<part3>share/facerec/recognizers/method10v1000/method10v1000_3.bin</part3>

<use_mobile_gpu>0</use_mobile_gpu>
<use_cuda>0</use_cuda>
<gpu_index>0</gpu_index>


<roc>
1.480450034142
0.000000000000
0.022798599675
0.000000000000

236.472824096680
0.000000000000
0.048910189420
0.000000000000

471.465179443359
0.000000000000
0.062200784683
0.000000000000

706.457580566406
0.000000000000
0.067726090550
0.000000000000

941.449951171875
0.000000000000
0.072197139263
0.000000000000

1176.442382812500
0.000000000000
0.082634054124
0.000000000000

1411.434692382812
0.000000000000
0.102428458631
0.000000000000

1646.427001953125
0.000000000000
0.140467077494
0.000000000000

1881.419433593750
0.000000000000
0.191366761923
0.000000000000

2116.411865234375
0.000000000000
0.259608864784
0.000000000000

2351.404296875000
0.000000000000
0.335427135229
0.000000000000

2586.396484375000
0.000000000000
0.424421250820
0.000000000000

2821.388916015625
0.000000000000
0.513272821903
0.000026643276

3056.381347656250
0.000000000000
0.599199593067
0.000036776066

3291.373535156250
0.000000000000
0.677650332451
0.000056684017

3526.365966796875
0.000000002201
0.744096696377
0.000611603260

3761.358398437500
0.000000002217
0.798041164875
0.000611603260

3996.350830078125
0.000000004080
0.845381557941
0.003819525242

4231.343261718750
0.000000022568
0.883307397366
0.011737763882

4466.335449218750
0.000000042176
0.910087466240
0.011388897896

4701.328125000000
0.000000056852
0.932951331139
0.022731125355

4936.320312500000
0.000000075442
0.950589418411
0.037504494190

5171.312500000000
0.000000164789
0.962868630886
0.124897062778

5406.305175781250
0.000000371136
0.972526252270
0.255016386509

5641.297363281250
0.000001034760
0.979599058628
0.470261633396

5876.289550781250
0.000002812471
0.984930753708
0.683386147022

6111.282226562500
0.000007689842
0.988446950912
0.818293213844

6346.274414062500
0.000020324816
0.991130709648
0.936361014843

6581.266601562500
0.000051173189
0.993228971958
0.977147579193

6816.259277343750
0.000122459984
0.994629025459
0.991028428078

7051.251464843750
0.000280695385
0.995652019978
0.997490346432

7286.244140625000
0.000625715242
0.996349990368
0.999168336391

7521.236328125000
0.001341917086
0.996948003769
0.999678075314

7756.228515625000
0.002799627604
0.997276008129
0.999917984009

7991.221191406250
0.005664107390
0.997425019741
0.999963521957

8226.213867187500
0.011162572540
0.997708976269
0.999983370304

8461.206054687500
0.021302618086
0.997766017914
0.999993443489

8696.198242187500
0.039078038186
0.997947990894
0.999995112419

8931.190429687500
0.068560115993
0.998104989529
0.999994874001

9166.182617187500
0.114531345665
0.998533010483
0.999997198582

9401.175781250000
0.180879697204
0.998645007610
0.999998629093

9636.167968750000
0.268930494785
0.998946011066
0.999998569489

9871.160156250000
0.376643866301
0.999217987061
0.999998807907

10106.152343750000
0.496009737253
0.999352991581
0.999998867512

10341.144531250000
0.617271006107
0.999460995197
0.999999284744

10576.136718750000
0.728455364704
0.999679028988
0.999998867512

10811.129882812500
0.821394920349
0.999716997147
0.999998927116

11046.122070312500
0.891411364079
0.999764978886
0.999998927116

11281.114257812500
0.939171254635
0.999979019165
0.999999344349

11516.106445312500
0.968696415424
1.000000000000
0.999999761581

11751.098632812500
0.985269248486
1.000000000000
0.999999761581

11986.091796875000
0.993651270866
1.000000000000
0.999999761581

12221.083984375000
0.997493863106
1.000000000000
0.999999761581

12456.076171875000
0.999099850655
1.000000000000
0.999999761581

12691.068359375000
0.999703347683
1.000000000000
0.999999761581

12926.060546875000
0.999911010265
1.000000000000
0.999999761581

13161.052734375000
0.999975025654
1.000000000000
0.999999761581

13396.045898437500
0.999993979931
1.000000000000
0.999999761581

13631.038085937500
0.999998986721
1.000000000000
0.999999761581

13866.030273437500
1.000000000000
1.000000000000
0.999999761581

14101.022460937500
1.000000000000
1.000000000000
0.999999761581

14336.014648437500
1.000000000000
1.000000000000
0.999999761581

14571.007812500000
1.000000000000
1.000000000000
0.999999761581

14806.000000000000
1.000000000000
1.000000000000
0.999999761581

</roc>


</opencv_storage>
